SenseLab_M05;
Time Zone;UTC+2:00;
Monitor;80.80.10.43;
;
Pill n°1;24.00.1A.D0;;;;;;Pill n°2;24.00.1B.19;;;;;;Pill n°3;24.00.1A.F0;;;;;;
Sample number;Date (dd/mm/yyyy);Hour;Temperature (°C);Status;;;Sample number;Date (dd/mm/yyyy);Hour;Temperature (°C);Status;;;Sample number;Date (dd/mm/yyyy);Hour;Temperature (°C);Status;;;
1;12/06/2023;09:10:04;26.49;;;;1;06/06/2023;17:29:37;26.11;;;;1;06/06/2023;17:30:54;26.17;;;;
2;12/06/2023;09:10:19;26.93;Synchronized;;;2;06/06/2023;17:30:37;26.47;Synchronized;;;2;06/06/2023;17:31:54;27;;;;
3;12/06/2023;09:10:34;27;;;;3;06/06/2023;17:31:37;26.08;Synchronized;;;3;06/06/2023;17:32:54;26.59;;;;
4;12/06/2023;09:10:49;26.96;;;;4;06/06/2023;17:32:37;25.84;;;;4;06/06/2023;17:33:53;26.23;;;;
5;12/06/2023;09:11:04;26.95;;;;5;06/06/2023;17:33:37;25.6;;;;5;06/06/2023;17:34:53;25.95;;;;
6;12/06/2023;09:11:19;27.1;;;;6;06/06/2023;17:34:37;25.45;;;;6;06/06/2023;17:35:53;25.73;;;;
7;12/06/2023;09:11:34;27.35;;;;7;06/06/2023;17:35:37;25.35;;;;7;06/06/2023;17:36:53;25.57;;;;
8;12/06/2023;09:11:49;27.63;;;;8;06/06/2023;17:36:37;25.25;;;;8;06/06/2023;17:37:53;25.41;;;;
9;12/06/2023;09:12:04;27.8;;;;9;06/06/2023;17:37:37;25.15;;;;9;06/06/2023;17:38:53;25.27;;;;
10;12/06/2023;09:12:19;27.73;;;;10;06/06/2023;17:38:37;25.11;;;;10;06/06/2023;17:39:53;25.2;;;;
11;12/06/2023;09:12:34;27.66;;;;11;06/06/2023;17:39:37;25.02;;;;11;06/06/2023;17:40:53;25.19;;;;
12;12/06/2023;09:12:49;27.55;;;;12;06/06/2023;17:40:37;25.05;;;;12;06/06/2023;17:41:52;25.12;;;;
13;12/06/2023;09:13:04;27.48;;;;13;06/06/2023;17:41:37;25.02;;;;13;06/06/2023;17:42:52;25.08;;;;
14;12/06/2023;09:13:19;27.38;;;;14;06/06/2023;17:42:37;25.02;Synchronized;;;14;06/06/2023;17:43:52;25.05;;;;
15;12/06/2023;09:13:33;27.28;;;;15;06/06/2023;17:43:37;25.01;;;;15;06/06/2023;17:44:52;25.01;;;;
16;12/06/2023;09:13:48;27.23;;;;16;06/06/2023;17:44:37;24.96;;;;16;06/06/2023;17:45:52;24.98;;;;
17;12/06/2023;09:14:03;27.16;;;;17;06/06/2023;17:45:37;24.96;;;;17;06/06/2023;17:46:52;25;;;;
18;12/06/2023;09:14:18;27.09;;;;18;06/06/2023;17:46:37;24.96;;;;18;06/06/2023;17:47:52;24.99;;;;
19;12/06/2023;09:14:33;27.03;;;;19;06/06/2023;17:47:37;24.96;;;;19;06/06/2023;17:48:52;24.99;;;;
20;12/06/2023;09:14:48;26.99;Synchronized;;;20;06/06/2023;17:48:37;24.96;;;;20;06/06/2023;17:49:51;24.98;;;;
21;12/06/2023;09:15:03;26.94;;;;21;06/06/2023;17:49:37;25;;;;21;06/06/2023;17:50:51;24.98;;;;
22;12/06/2023;09:15:18;26.88;;;;22;06/06/2023;17:50:37;24.97;;;;22;06/06/2023;17:51:51;24.97;;;;
23;12/06/2023;09:15:33;26.83;;;;23;06/06/2023;17:51:37;24.97;;;;23;06/06/2023;17:52:51;24.95;;;;
24;12/06/2023;09:15:48;26.77;;;;24;06/06/2023;17:52:37;24.96;;;;24;06/06/2023;17:53:50;24.93;;;;
25;12/06/2023;09:16:03;26.73;;;;25;06/06/2023;17:53:37;24.95;;;;25;06/06/2023;17:54:50;24.89;;;;
26;12/06/2023;09:16:18;26.66;;;;26;06/06/2023;17:54:37;24.95;;;;26;06/06/2023;17:55:50;24.91;;;;
27;12/06/2023;09:16:33;26.63;;;;27;06/06/2023;17:55:37;24.94;;;;27;06/06/2023;17:56:50;24.9;;;;
28;12/06/2023;09:16:48;26.59;;;;28;06/06/2023;17:56:37;24.91;;;;28;06/06/2023;17:57:50;24.91;Synchronized;;;
29;12/06/2023;09:17:03;26.56;;;;29;06/06/2023;17:57:37;24.91;Synchronized;;;29;06/06/2023;17:58:49;24.86;Synchronized;;;
30;12/06/2023;09:17:18;26.52;;;;30;06/06/2023;17:58:37;24.89;Synchronized;;;30;06/06/2023;17:59:49;25.22;;;;
31;12/06/2023;09:17:33;26.48;;;;31;06/06/2023;17:59:37;25.2;Synchronized;;;31;06/06/2023;18:00:49;25.45;;;;
32;12/06/2023;09:17:48;26.47;;;;32;06/06/2023;18:00:37;25.59;;;;32;06/06/2023;18:01:49;25.52;;;;
33;12/06/2023;09:18:03;26.44;;;;33;06/06/2023;18:01:37;25.67;;;;33;06/06/2023;18:02:49;25.59;;;;
34;12/06/2023;09:18:18;26.39;;;;34;06/06/2023;18:02:37;25.73;;;;34;06/06/2023;18:03:49;25.63;;;;
35;12/06/2023;09:18:33;26.36;;;;35;06/06/2023;18:03:37;25.75;;;;35;06/06/2023;18:04:49;25.67;;;;
36;12/06/2023;09:18:48;26.33;;;;36;06/06/2023;18:04:37;25.77;;;;36;06/06/2023;18:05:49;25.66;;;;
37;12/06/2023;09:19:03;26.32;;;;37;06/06/2023;18:05:37;25.73;;;;37;06/06/2023;18:06:48;25.68;;;;
38;12/06/2023;09:19:18;26.28;;;;38;06/06/2023;18:06:37;25.75;;;;38;06/06/2023;18:07:48;25.68;;;;
39;12/06/2023;09:19:33;26.27;;;;39;06/06/2023;18:07:37;25.74;;;;39;06/06/2023;18:08:48;25.7;;;;
40;12/06/2023;09:19:48;26.27;;;;40;06/06/2023;18:08:37;25.75;;;;40;06/06/2023;18:09:48;25.7;;;;
41;12/06/2023;09:20:03;26.24;;;;41;06/06/2023;18:09:37;25.73;;;;41;06/06/2023;18:10:48;25.72;;;;
42;12/06/2023;09:20:18;26.23;;;;42;06/06/2023;18:10:36;25.73;;;;42;06/06/2023;18:11:48;25.74;;;;
43;12/06/2023;09:20:33;26.22;;;;43;06/06/2023;18:11:36;25.72;;;;43;06/06/2023;18:12:47;25.73;;;;
44;12/06/2023;09:20:48;26.17;;;;44;06/06/2023;18:12:36;25.73;;;;44;06/06/2023;18:13:47;25.73;;;;
45;12/06/2023;09:21:03;26.18;;;;45;06/06/2023;18:13:36;25.71;;;;45;06/06/2023;18:14:47;25.73;;;;
46;12/06/2023;09:21:18;26.15;;;;46;06/06/2023;18:14:36;25.69;;;;46;06/06/2023;18:15:47;25.74;;;;
47;12/06/2023;09:21:33;26.14;;;;47;06/06/2023;18:15:36;25.71;;;;47;06/06/2023;18:16:47;25.74;;;;
48;12/06/2023;09:21:48;26.13;;;;48;06/06/2023;18:16:36;25.71;;;;48;06/06/2023;18:17:47;25.76;;;;
49;12/06/2023;09:22:03;26.13;;;;49;06/06/2023;18:17:36;25.67;;;;49;06/06/2023;18:18:47;25.76;;;;
50;12/06/2023;09:22:18;26.13;;;;50;06/06/2023;18:18:36;25.69;;;;50;06/06/2023;18:19:47;25.75;;;;
51;12/06/2023;09:22:33;26.1;;;;51;06/06/2023;18:19:36;25.71;;;;51;06/06/2023;18:20:46;25.8;;;;
52;12/06/2023;09:22:48;26.09;;;;52;06/06/2023;18:20:36;25.72;;;;52;06/06/2023;18:21:46;25.84;;;;
53;12/06/2023;09:23:03;26.07;;;;53;06/06/2023;18:21:36;25.76;;;;53;06/06/2023;18:22:46;25.91;;;;
54;12/06/2023;09:23:18;26.07;;;;54;06/06/2023;18:22:36;25.85;;;;54;06/06/2023;18:23:46;25.95;;;;
55;12/06/2023;09:23:33;26.03;;;;55;06/06/2023;18:23:36;25.86;;;;55;06/06/2023;18:24:46;25.95;;;;
56;12/06/2023;09:23:48;26.02;;;;56;06/06/2023;18:24:36;25.84;;;;56;06/06/2023;18:25:46;25.98;;;;
57;12/06/2023;09:24:03;26.01;;;;57;06/06/2023;18:25:36;25.82;;;;57;06/06/2023;18:26:45;25.98;;;;
58;12/06/2023;09:24:18;26;;;;58;06/06/2023;18:26:36;25.8;;;;58;06/06/2023;18:27:45;25.99;;;;
59;12/06/2023;09:24:33;25.99;;;;59;06/06/2023;18:27:36;25.85;;;;59;06/06/2023;18:28:45;26.03;;;;
60;12/06/2023;09:24:48;26;;;;60;06/06/2023;18:28:36;25.87;;;;60;06/06/2023;18:29:45;26.05;;;;
61;12/06/2023;09:25:03;25.98;;;;61;06/06/2023;18:29:36;25.87;;;;61;06/06/2023;18:30:45;26.05;;;;
62;12/06/2023;09:25:18;25.98;;;;62;06/06/2023;18:30:36;25.87;;;;62;06/06/2023;18:31:45;26.05;;;;
63;12/06/2023;09:25:33;25.98;;;;63;06/06/2023;18:31:37;25.85;Synchronized;;;63;06/06/2023;18:32:44;26.05;;;;
64;12/06/2023;09:25:48;25.99;;;;64;06/06/2023;18:32:37;25.85;;;;64;06/06/2023;18:33:44;26.05;;;;
65;12/06/2023;09:26:03;25.98;;;;65;06/06/2023;18:33:37;25.82;;;;65;06/06/2023;18:34:44;26.05;;;;
66;12/06/2023;09:26:18;25.98;;;;66;06/06/2023;18:34:37;25.81;Synchronized;;;66;06/06/2023;18:35:44;26.04;;;;
67;12/06/2023;09:26:33;25.98;;;;67;06/06/2023;18:35:37;25.81;Synchronized;;;67;06/06/2023;18:36:44;26.04;;;;
68;12/06/2023;09:26:48;25.98;;;;68;06/06/2023;18:36:37;25.79;Synchronized;;;68;06/06/2023;18:37:44;26.04;;;;
69;12/06/2023;09:27:03;25.98;;;;69;06/06/2023;18:37:37;25.79;;;;69;06/06/2023;18:38:43;26.03;;;;
70;12/06/2023;09:27:18;25.96;;;;70;06/06/2023;18:38:37;25.84;;;;70;06/06/2023;18:39:43;26.03;;;;
71;12/06/2023;09:27:33;25.95;;;;71;06/06/2023;18:39:37;25.79;;;;71;06/06/2023;18:40:43;26.03;;;;
72;12/06/2023;09:27:48;25.93;;;;72;06/06/2023;18:40:37;25.81;;;;72;06/06/2023;18:41:43;26.05;;;;
73;12/06/2023;09:28:03;25.95;;;;73;06/06/2023;18:41:37;25.81;Synchronized;;;73;06/06/2023;18:42:43;26.08;;;;
74;12/06/2023;09:28:18;25.91;;;;74;06/06/2023;18:42:37;25.82;Synchronized;;;74;06/06/2023;18:43:43;26.08;;;;
75;12/06/2023;09:28:33;25.9;;;;75;06/06/2023;18:43:37;25.82;;;;75;06/06/2023;18:44:43;26.06;Synchronized;;;
76;12/06/2023;09:28:48;25.91;;;;76;06/06/2023;18:44:37;25.85;;;;76;06/06/2023;18:45:42;26.09;Synchronized;;;
77;12/06/2023;09:29:04;25.91;;;;77;06/06/2023;18:45:37;25.84;;;;77;06/06/2023;18:46:42;26.11;;;;
78;12/06/2023;09:29:19;25.9;;;;78;06/06/2023;18:46:37;25.86;;;;78;06/06/2023;18:47:42;26.12;;;;
79;12/06/2023;09:29:34;25.91;;;;79;06/06/2023;18:47:37;25.87;Synchronized;;;79;06/06/2023;18:48:42;26.13;;;;
80;12/06/2023;09:29:49;25.9;;;;80;06/06/2023;18:48:37;25.89;;;;80;06/06/2023;18:49:42;26.13;;;;
81;12/06/2023;09:30:04;25.91;;;;81;06/06/2023;18:49:37;25.91;;;;81;06/06/2023;18:50:41;26.15;;;;
82;12/06/2023;09:30:19;25.91;;;;82;06/06/2023;18:50:37;25.92;;;;82;06/06/2023;18:51:41;26.18;;;;
83;12/06/2023;09:30:34;25.88;;;;83;06/06/2023;18:51:37;25.92;;;;83;06/06/2023;18:52:41;26.17;;;;
84;12/06/2023;09:30:49;25.9;Synchronized;;;84;06/06/2023;18:52:37;25.93;;;;84;06/06/2023;18:53:41;26.19;;;;
85;12/06/2023;09:31:04;25.9;;;;85;06/06/2023;18:53:37;25.92;;;;85;06/06/2023;18:54:41;26.18;;;;
86;12/06/2023;09:31:19;25.91;;;;86;06/06/2023;18:54:38;25.94;;;;86;06/06/2023;18:55:40;26.2;;;;
87;12/06/2023;09:31:34;25.91;;;;87;06/06/2023;18:55:38;25.91;;;;87;06/06/2023;18:56:40;26.17;;;;
88;12/06/2023;09:31:49;25.9;;;;88;06/06/2023;18:56:38;25.92;;;;88;06/06/2023;18:57:40;26.18;;;;
89;12/06/2023;09:32:04;25.96;;;;89;06/06/2023;18:57:38;25.91;Synchronized;;;89;06/06/2023;18:58:40;26.19;;;;
90;12/06/2023;09:32:19;26.13;Synchronized;;;90;06/06/2023;18:58:38;25.91;;;;90;06/06/2023;18:59:40;26.2;;;;
91;12/06/2023;09:32:34;26.38;;;;91;06/06/2023;18:59:38;25.89;;;;91;06/06/2023;19:00:40;26.2;;;;
92;12/06/2023;09:32:49;28.2;Synchronized;;;92;06/06/2023;19:00:38;25.88;;;;92;06/06/2023;19:01:39;26.19;;;;
93;12/06/2023;09:33:03;31.41;Synchronized;;;93;06/06/2023;19:01:38;25.88;;;;93;06/06/2023;19:02:39;26.2;;;;
94;12/06/2023;09:33:18;33.72;;;;94;06/06/2023;19:02:38;25.86;;;;94;06/06/2023;19:03:39;26.2;;;;
95;12/06/2023;09:33:33;35.03;;;;95;06/06/2023;19:03:38;25.84;;;;95;06/06/2023;19:04:39;26.21;;;;
96;12/06/2023;09:33:48;35.85;;;;96;06/06/2023;19:04:37;25.86;;;;96;06/06/2023;19:05:39;26.2;;;;
97;12/06/2023;09:34:03;36.41;;;;97;06/06/2023;19:05:37;25.91;;;;97;06/06/2023;19:06:38;26.17;;;;
98;12/06/2023;09:34:18;36.75;;;;98;06/06/2023;19:06:37;25.91;;;;98;06/06/2023;19:07:38;26.17;;;;
99;12/06/2023;09:34:33;36.96;;;;99;06/06/2023;19:07:37;25.96;;;;99;06/06/2023;19:08:38;26.13;;;;
100;12/06/2023;09:34:48;37.1;Synchronized;;;100;06/06/2023;19:08:38;25.94;;;;100;06/06/2023;19:09:38;26.16;;;;
101;12/06/2023;09:35:03;37.19;;;;101;06/06/2023;19:09:38;25.99;;;;101;06/06/2023;19:10:38;26.13;;;;
102;12/06/2023;09:35:18;37.27;;;;102;06/06/2023;19:10:38;25.99;;;;102;06/06/2023;19:11:38;26.13;;;;
103;12/06/2023;09:35:33;37.3;;;;103;06/06/2023;19:11:38;25.96;;;;103;06/06/2023;19:12:37;26.12;;;;
104;12/06/2023;09:35:48;37.3;;;;104;06/06/2023;19:12:38;25.99;;;;104;06/06/2023;19:13:37;26.16;;;;
105;12/06/2023;09:36:03;37.28;;;;105;06/06/2023;19:13:38;26.05;;;;105;06/06/2023;19:14:37;26.16;;;;
106;12/06/2023;09:36:18;37.27;;;;106;06/06/2023;19:14:38;26.13;;;;106;06/06/2023;19:15:37;26.18;;;;
107;12/06/2023;09:36:33;37.25;;;;107;06/06/2023;19:15:38;26.2;;;;107;06/06/2023;19:16:37;26.22;;;;
108;12/06/2023;09:36:48;37.25;;;;108;06/06/2023;19:16:39;26.16;;;;108;06/06/2023;19:17:37;26.2;;;;
109;12/06/2023;09:37:03;37.22;Synchronized;;;109;06/06/2023;19:17:39;26.15;;;;109;06/06/2023;19:18:36;26.21;;;;
110;12/06/2023;09:37:18;37.21;;;;110;06/06/2023;19:18:39;26.13;;;;110;06/06/2023;19:19:36;26.2;;;;
111;12/06/2023;09:37:33;37.2;;;;111;06/06/2023;19:19:39;26.12;;;;111;06/06/2023;19:20:36;26.2;;;;
112;12/06/2023;09:37:48;37.16;;;;112;06/06/2023;19:20:39;26.09;;;;112;06/06/2023;19:21:36;26.19;;;;
113;12/06/2023;09:38:03;37.15;;;;113;06/06/2023;19:21:39;26.05;;;;113;06/06/2023;19:22:36;26.18;;;;
114;12/06/2023;09:38:18;37.09;;;;114;06/06/2023;19:22:39;26.02;;;;114;06/06/2023;19:23:35;26.17;;;;
115;12/06/2023;09:38:33;37.04;Synchronized;;;115;06/06/2023;19:23:39;26.01;;;;115;06/06/2023;19:24:35;26.18;;;;
116;12/06/2023;09:38:48;36.96;;;;116;06/06/2023;19:24:39;26;;;;116;06/06/2023;19:25:35;26.17;;;;
117;12/06/2023;09:39:03;36.88;;;;117;06/06/2023;19:25:39;25.98;;;;117;06/06/2023;19:26:35;26.15;;;;
118;12/06/2023;09:39:18;36.87;;;;118;06/06/2023;19:26:40;25.95;;;;118;06/06/2023;19:27:35;26.13;;;;
119;12/06/2023;09:39:33;36.87;;;;119;06/06/2023;19:27:40;25.94;;;;119;06/06/2023;19:28:34;26.15;;;;
120;12/06/2023;09:39:48;36.83;;;;120;06/06/2023;19:28:40;25.95;;;;120;06/06/2023;19:29:34;26.13;;;;
121;12/06/2023;09:40:03;36.8;;;;121;06/06/2023;19:29:40;25.91;;;;121;06/06/2023;19:30:34;26.12;;;;
122;12/06/2023;09:40:18;36.81;;;;122;06/06/2023;19:30:40;25.91;;;;122;06/06/2023;19:31:34;26.15;;;;
123;12/06/2023;09:40:33;36.8;;;;123;06/06/2023;19:31:40;25.88;;;;123;06/06/2023;19:32:34;26.13;;;;
124;12/06/2023;09:40:48;36.81;;;;124;06/06/2023;19:32:40;25.94;;;;124;06/06/2023;19:33:34;26.13;;;;
125;12/06/2023;09:41:03;36.81;;;;125;06/06/2023;19:33:40;25.92;;;;125;06/06/2023;19:34:34;26.13;Synchronized;;;
126;12/06/2023;09:41:18;36.81;;;;126;06/06/2023;19:34:40;25.91;;;;126;06/06/2023;19:35:33;26.13;;;;
127;12/06/2023;09:41:33;36.84;;;;127;06/06/2023;19:35:40;25.91;;;;127;06/06/2023;19:36:33;26.11;;;;
128;12/06/2023;09:41:48;36.84;;;;128;06/06/2023;19:36:41;25.91;;;;128;06/06/2023;19:37:33;26.13;;;;
129;12/06/2023;09:42:03;36.84;;;;129;06/06/2023;19:37:41;25.9;;;;129;06/06/2023;19:38:33;26.13;;;;
130;12/06/2023;09:42:18;36.84;Synchronized;;;130;06/06/2023;19:38:41;25.91;;;;130;06/06/2023;19:39:32;26.09;;;;
131;12/06/2023;09:42:33;36.87;;;;131;06/06/2023;19:39:41;25.89;;;;131;06/06/2023;19:40:32;26.11;;;;
132;12/06/2023;09:42:48;36.88;;;;132;06/06/2023;19:40:41;25.88;;;;132;06/06/2023;19:41:32;26.13;Synchronized;;;
133;12/06/2023;09:43:03;36.9;;;;133;06/06/2023;19:41:41;25.89;;;;133;06/06/2023;19:42:32;26.11;;;;
134;12/06/2023;09:43:18;36.91;;;;134;06/06/2023;19:42:41;25.89;;;;134;06/06/2023;19:43:32;26.13;;;;
135;12/06/2023;09:43:33;36.91;;;;135;06/06/2023;19:43:41;25.88;;;;135;06/06/2023;19:44:32;26.13;;;;
136;12/06/2023;09:43:48;36.91;Synchronized;;;136;06/06/2023;19:44:41;25.88;;;;136;06/06/2023;19:45:31;26.1;;;;
137;12/06/2023;09:44:03;36.95;;;;137;06/06/2023;19:45:41;25.87;;;;137;06/06/2023;19:46:31;26.11;;;;
138;12/06/2023;09:44:18;36.94;;;;138;06/06/2023;19:46:41;25.88;;;;138;06/06/2023;19:47:31;26.11;;;;
139;12/06/2023;09:44:33;36.96;;;;139;06/06/2023;19:47:41;25.89;;;;139;06/06/2023;19:48:31;26.11;;;;
140;12/06/2023;09:44:48;36.95;;;;140;06/06/2023;19:48:41;25.88;;;;140;06/06/2023;19:49:31;26.11;;;;
141;12/06/2023;09:45:03;36.92;;;;141;06/06/2023;19:49:41;25.87;;;;141;06/06/2023;19:50:31;26.1;;;;
142;12/06/2023;09:45:18;36.9;;;;142;06/06/2023;19:50:41;25.88;;;;142;06/06/2023;19:51:30;26.11;;;;
143;12/06/2023;09:45:33;36.9;;;;143;06/06/2023;19:51:41;25.89;;;;143;06/06/2023;19:52:30;26.1;;;;
144;12/06/2023;09:45:48;36.91;;;;144;06/06/2023;19:52:41;25.88;;;;144;06/06/2023;19:53:30;26.09;;;;
145;12/06/2023;09:46:03;36.91;;;;145;06/06/2023;19:53:41;25.89;;;;145;06/06/2023;19:54:30;26.11;;;;
146;12/06/2023;09:46:18;36.88;;;;146;06/06/2023;19:54:41;25.9;;;;146;06/06/2023;19:55:30;26.11;;;;
147;12/06/2023;09:46:33;36.9;;;;147;06/06/2023;19:55:41;25.88;;;;147;06/06/2023;19:56:30;26.09;;;;
148;12/06/2023;09:46:48;36.87;;;;148;06/06/2023;19:56:41;25.86;;;;148;06/06/2023;19:57:29;26.09;;;;
149;12/06/2023;09:47:03;36.9;;;;149;06/06/2023;19:57:41;25.9;;;;149;06/06/2023;19:58:29;26.09;;;;
150;12/06/2023;09:47:18;36.88;;;;150;06/06/2023;19:58:42;25.87;;;;150;06/06/2023;19:59:29;26.1;;;;
151;12/06/2023;09:47:33;36.87;;;;151;06/06/2023;19:59:42;25.87;;;;151;06/06/2023;20:00:29;26.09;;;;
152;12/06/2023;09:47:48;36.91;;;;152;06/06/2023;20:00:42;25.88;;;;152;06/06/2023;20:01:29;26.08;;;;
153;12/06/2023;09:48:03;36.91;;;;153;06/06/2023;20:01:42;25.88;;;;153;06/06/2023;20:02:29;26.08;;;;
154;12/06/2023;09:48:18;36.88;;;;154;06/06/2023;20:02:42;25.86;;;;154;06/06/2023;20:03:28;26.1;;;;
155;12/06/2023;09:48:33;36.91;;;;155;06/06/2023;20:03:42;25.86;;;;155;06/06/2023;20:04:28;26.07;;;;
156;12/06/2023;09:48:48;36.91;;;;156;06/06/2023;20:04:42;25.84;;;;156;06/06/2023;20:05:28;26.08;;;;
157;12/06/2023;09:49:03;36.9;;;;157;06/06/2023;20:05:42;25.82;;;;157;06/06/2023;20:06:28;26.05;;;;
158;12/06/2023;09:49:18;36.9;;;;158;06/06/2023;20:06:42;25.8;;;;158;06/06/2023;20:07:28;26.07;;;;
159;12/06/2023;09:49:33;36.91;;;;159;06/06/2023;20:07:43;25.84;;;;159;06/06/2023;20:08:28;26.05;;;;
160;12/06/2023;09:49:48;36.9;;;;160;06/06/2023;20:08:43;25.8;;;;160;06/06/2023;20:09:27;26.05;;;;
161;12/06/2023;09:50:03;36.92;;;;161;06/06/2023;20:09:43;25.82;;;;161;06/06/2023;20:10:27;26.06;;;;
162;12/06/2023;09:50:18;36.93;;;;162;06/06/2023;20:10:42;25.8;;;;162;06/06/2023;20:11:27;26.05;;;;
163;12/06/2023;09:50:33;36.94;;;;163;06/06/2023;20:11:42;25.8;;;;163;06/06/2023;20:12:27;26.03;;;;
164;12/06/2023;09:50:48;36.93;;;;164;06/06/2023;20:12:43;25.77;;;;164;06/06/2023;20:13:27;26.05;;;;
165;12/06/2023;09:51:03;36.91;;;;165;06/06/2023;20:13:43;25.8;;;;165;06/06/2023;20:14:26;26.03;;;;
166;12/06/2023;09:51:18;36.91;;;;166;06/06/2023;20:14:43;25.79;;;;166;06/06/2023;20:15:26;26.05;;;;
167;12/06/2023;09:51:33;36.92;Synchronized;;;167;06/06/2023;20:15:43;25.78;;;;167;06/06/2023;20:16:26;26.02;;;;
168;12/06/2023;09:51:48;36.92;;;;168;06/06/2023;20:16:42;25.78;;;;168;06/06/2023;20:17:26;26.02;;;;
169;12/06/2023;09:52:03;36.91;;;;169;06/06/2023;20:17:42;25.78;;;;169;06/06/2023;20:18:26;26.01;;;;
170;12/06/2023;09:52:18;36.93;Synchronized;;;170;06/06/2023;20:18:42;25.78;;;;170;06/06/2023;20:19:26;26;;;;
171;12/06/2023;09:52:33;36.92;Synchronized;;;171;06/06/2023;20:19:42;25.76;;;;171;06/06/2023;20:20:25;26.01;;;;
172;12/06/2023;09:52:48;36.92;Synchronized;;;172;06/06/2023;20:20:42;25.76;;;;172;06/06/2023;20:21:25;26;;;;
173;12/06/2023;09:53:03;36.94;Synchronized;;;173;06/06/2023;20:21:42;25.77;;;;173;06/06/2023;20:22:25;25.99;;;;
174;12/06/2023;09:53:18;36.93;;;;174;06/06/2023;20:22:42;25.76;;;;174;06/06/2023;20:23:25;25.99;;;;
175;12/06/2023;09:53:33;36.94;Synchronized;;;175;06/06/2023;20:23:42;25.76;;;;175;06/06/2023;20:24:25;25.98;;;;
176;12/06/2023;09:53:48;36.93;Synchronized;;;176;06/06/2023;20:24:42;25.75;;;;176;06/06/2023;20:25:25;25.98;;;;
177;12/06/2023;09:54:03;36.93;;;;177;06/06/2023;20:25:42;25.75;;;;177;06/06/2023;20:26:24;25.97;;;;
178;12/06/2023;09:54:18;36.92;;;;178;06/06/2023;20:26:42;25.75;;;;178;06/06/2023;20:27:24;25.99;;;;
179;12/06/2023;09:54:33;36.95;;;;179;06/06/2023;20:27:42;25.75;;;;179;06/06/2023;20:28:24;25.98;;;;
180;12/06/2023;09:54:48;36.92;;;;180;06/06/2023;20:28:42;25.73;;;;180;06/06/2023;20:29:24;25.98;Synchronized;;;
181;12/06/2023;09:55:03;36.91;Synchronized;;;181;06/06/2023;20:29:42;25.74;;;;181;06/06/2023;20:30:24;25.98;;;;
182;12/06/2023;09:55:18;36.92;Synchronized;;;182;06/06/2023;20:30:42;25.74;;;;182;06/06/2023;20:31:24;25.95;;;;
183;12/06/2023;09:55:33;36.87;;;;183;06/06/2023;20:31:42;25.73;;;;183;06/06/2023;20:32:23;25.98;;;;
184;12/06/2023;09:55:48;36.88;;;;184;06/06/2023;20:32:42;25.73;;;;184;06/06/2023;20:33:23;25.96;;;;
185;12/06/2023;09:56:03;36.86;Synchronized;;;185;06/06/2023;20:33:42;25.73;;;;185;06/06/2023;20:34:23;25.96;;;;
186;12/06/2023;09:56:18;36.84;Synchronized;;;186;06/06/2023;20:34:41;25.7;;;;186;06/06/2023;20:35:23;25.98;;;;
187;12/06/2023;09:56:33;36.83;;;;187;06/06/2023;20:35:41;25.72;;;;187;06/06/2023;20:36:23;25.95;;;;
188;12/06/2023;09:56:48;36.83;;;;188;06/06/2023;20:36:41;25.73;;;;188;06/06/2023;20:37:22;25.96;;;;
189;12/06/2023;09:57:03;36.82;;;;189;06/06/2023;20:37:41;25.72;;;;189;06/06/2023;20:38:22;25.95;;;;
190;12/06/2023;09:57:18;36.8;Synchronized;;;190;06/06/2023;20:38:41;25.71;;;;190;06/06/2023;20:39:22;25.96;;;;
191;12/06/2023;09:57:33;36.8;;;;191;06/06/2023;20:39:41;25.71;;;;191;06/06/2023;20:40:22;25.95;;;;
192;12/06/2023;09:57:48;36.81;;;;192;06/06/2023;20:40:41;25.71;;;;192;06/06/2023;20:41:22;25.95;;;;
193;12/06/2023;09:58:03;36.79;Synchronized;;;193;06/06/2023;20:41:41;25.7;;;;193;06/06/2023;20:42:22;25.91;;;;
194;12/06/2023;09:58:18;36.79;Synchronized;;;194;06/06/2023;20:42:41;25.7;;;;194;06/06/2023;20:43:22;25.93;;;;
195;12/06/2023;09:58:33;36.79;Synchronized;;;195;06/06/2023;20:43:41;25.69;;;;195;06/06/2023;20:44:21;25.92;;;;
196;12/06/2023;09:58:48;36.78;;;;196;06/06/2023;20:44:41;25.69;;;;196;06/06/2023;20:45:21;25.94;;;;
197;12/06/2023;09:59:03;36.8;Synchronized;;;197;06/06/2023;20:45:41;25.67;;;;197;06/06/2023;20:46:21;25.92;;;;
198;12/06/2023;09:59:18;36.75;;;;198;06/06/2023;20:46:41;25.69;;;;198;06/06/2023;20:47:21;25.92;;;;
199;12/06/2023;09:59:33;36.77;;;;199;06/06/2023;20:47:41;25.67;;;;199;06/06/2023;20:48:21;25.91;;;;
200;12/06/2023;09:59:48;36.74;;;;200;06/06/2023;20:48:41;25.66;;;;200;06/06/2023;20:49:21;25.91;;;;
201;12/06/2023;10:00:03;36.73;;;;201;06/06/2023;20:49:41;25.65;;;;201;06/06/2023;20:50:20;25.88;;;;
202;12/06/2023;10:00:18;36.73;Synchronized;;;202;06/06/2023;20:50:41;25.67;;;;202;06/06/2023;20:51:20;25.91;;;;
203;12/06/2023;10:00:33;36.74;;;;203;06/06/2023;20:51:41;25.67;;;;203;06/06/2023;20:52:20;25.9;;;;
204;12/06/2023;10:00:48;36.71;Synchronized;;;204;06/06/2023;20:52:40;25.66;;;;204;06/06/2023;20:53:20;25.88;;;;
205;12/06/2023;10:01:03;36.73;Synchronized;;;205;06/06/2023;20:53:40;25.66;;;;205;06/06/2023;20:54:20;25.88;;;;
206;12/06/2023;10:01:18;36.73;;;;206;06/06/2023;20:54:40;25.67;;;;206;06/06/2023;20:55:20;25.9;;;;
207;12/06/2023;10:01:33;36.71;Synchronized;;;207;06/06/2023;20:55:40;25.66;;;;207;06/06/2023;20:56:19;25.9;;;;
208;12/06/2023;10:01:48;36.7;;;;208;06/06/2023;20:56:40;25.66;;;;208;06/06/2023;20:57:19;25.9;;;;
209;12/06/2023;10:02:03;36.7;Synchronized;;;209;06/06/2023;20:57:40;25.66;;;;209;06/06/2023;20:58:19;25.87;;;;
210;12/06/2023;10:02:18;36.69;Synchronized;;;210;06/06/2023;20:58:40;25.64;;;;210;06/06/2023;20:59:19;25.88;;;;
211;12/06/2023;10:02:33;36.68;;;;211;06/06/2023;20:59:40;25.64;;;;211;06/06/2023;21:00:19;25.85;;;;
212;12/06/2023;10:02:48;36.63;;;;212;06/06/2023;21:00:40;25.63;;;;212;06/06/2023;21:01:19;25.87;Synchronized;;;
213;12/06/2023;10:03:03;36.63;;;;213;06/06/2023;21:01:40;25.64;;;;213;06/06/2023;21:02:18;25.84;;;;
214;12/06/2023;10:03:18;36.6;;;;214;06/06/2023;21:02:40;25.63;;;;214;06/06/2023;21:03:18;25.85;;;;
215;12/06/2023;10:03:33;36.55;;;;215;06/06/2023;21:03:40;25.64;;;;215;06/06/2023;21:04:18;25.88;;;;
216;12/06/2023;10:03:48;36.54;;;;216;06/06/2023;21:04:40;25.63;;;;216;06/06/2023;21:05:18;25.86;;;;
217;12/06/2023;10:04:03;36.52;;;;217;06/06/2023;21:05:40;25.62;;;;217;06/06/2023;21:06:18;25.84;;;;
218;12/06/2023;10:04:18;36.51;Synchronized;;;218;06/06/2023;21:06:40;25.63;;;;218;06/06/2023;21:07:18;25.86;;;;
219;12/06/2023;10:04:33;36.5;;;;219;06/06/2023;21:07:40;25.63;;;;219;06/06/2023;21:08:17;25.83;;;;
220;12/06/2023;10:04:48;36.51;Synchronized;;;220;06/06/2023;21:08:40;25.61;;;;220;06/06/2023;21:09:17;25.83;;;;
221;12/06/2023;10:05:03;36.51;;;;221;06/06/2023;21:09:39;25.62;;;;221;06/06/2023;21:10:17;25.85;;;;
222;12/06/2023;10:05:18;36.5;;;;222;06/06/2023;21:10:39;25.62;;;;222;06/06/2023;21:11:17;25.84;;;;
223;12/06/2023;10:05:33;36.48;;;;223;06/06/2023;21:11:39;25.62;;;;223;06/06/2023;21:12:17;25.84;;;;
224;12/06/2023;10:05:48;36.48;Synchronized;;;224;06/06/2023;21:12:39;25.59;;;;224;06/06/2023;21:13:17;25.84;;;;
225;12/06/2023;10:06:03;36.48;;;;225;06/06/2023;21:13:39;25.6;;;;225;06/06/2023;21:14:16;25.81;;;;
226;12/06/2023;10:06:18;36.49;Synchronized;;;226;06/06/2023;21:14:39;25.6;Synchronized;;;226;06/06/2023;21:15:16;25.83;;;;
227;12/06/2023;10:06:33;36.5;Synchronized;;;227;06/06/2023;21:15:39;25.6;;;;227;06/06/2023;21:16:16;25.83;;;;
228;12/06/2023;10:06:48;36.51;Synchronized;;;228;06/06/2023;21:16:39;25.6;;;;228;06/06/2023;21:17:16;25.8;;;;
229;12/06/2023;10:07:03;36.5;Synchronized;;;229;06/06/2023;21:17:39;25.58;;;;229;06/06/2023;21:18:16;25.83;;;;
230;12/06/2023;10:07:18;36.51;;;;230;06/06/2023;21:18:39;25.59;;;;230;06/06/2023;21:19:16;25.81;;;;
231;12/06/2023;10:07:33;36.52;Synchronized;;;231;06/06/2023;21:19:39;25.59;;;;231;06/06/2023;21:20:16;25.81;;;;
232;12/06/2023;10:07:48;36.53;Synchronized;;;232;06/06/2023;21:20:39;25.59;;;;232;06/06/2023;21:21:15;25.81;;;;
233;12/06/2023;10:08:03;36.54;Synchronized;;;233;06/06/2023;21:21:39;25.57;;;;233;06/06/2023;21:22:15;25.81;;;;
234;12/06/2023;10:08:18;36.55;Synchronized;;;234;06/06/2023;21:22:39;25.57;;;;234;06/06/2023;21:23:15;25.8;;;;
235;12/06/2023;10:08:33;36.57;Synchronized;;;235;06/06/2023;21:23:39;25.57;;;;235;06/06/2023;21:24:15;25.8;;;;
236;12/06/2023;10:08:48;36.59;Synchronized;;;236;06/06/2023;21:24:39;25.55;;;;236;06/06/2023;21:25:15;25.8;;;;
237;12/06/2023;10:09:03;36.59;Synchronized;;;237;06/06/2023;21:25:39;25.55;;;;237;06/06/2023;21:26:15;25.78;;;;
238;12/06/2023;10:09:18;36.59;;;;238;06/06/2023;21:26:39;25.58;;;;238;06/06/2023;21:27:14;25.79;;;;
239;12/06/2023;10:09:33;36.59;Synchronized;;;239;06/06/2023;21:27:39;25.55;;;;239;06/06/2023;21:28:14;25.76;;;;
240;12/06/2023;10:09:48;36.61;;;;240;06/06/2023;21:28:38;25.55;;;;240;06/06/2023;21:29:14;25.8;;;;
241;12/06/2023;10:10:03;36.62;;;;241;06/06/2023;21:29:38;25.55;;;;241;06/06/2023;21:30:14;25.79;;;;
242;12/06/2023;10:10:18;36.63;;;;242;06/06/2023;21:30:38;25.56;;;;242;06/06/2023;21:31:14;25.78;;;;
243;12/06/2023;10:10:33;36.63;Synchronized;;;243;06/06/2023;21:31:38;25.55;;;;243;06/06/2023;21:32:14;25.77;;;;
244;12/06/2023;10:10:48;36.63;Synchronized;;;244;06/06/2023;21:32:38;25.54;;;;244;06/06/2023;21:33:13;25.77;;;;
245;12/06/2023;10:11:03;36.63;;;;245;06/06/2023;21:33:38;25.54;;;;245;06/06/2023;21:34:13;25.8;;;;
246;12/06/2023;10:11:18;36.62;Synchronized;;;246;06/06/2023;21:34:38;25.55;;;;246;06/06/2023;21:35:13;25.78;;;;
247;12/06/2023;10:11:33;36.63;;;;247;06/06/2023;21:35:38;25.55;;;;247;06/06/2023;21:36:13;25.77;;;;
248;12/06/2023;10:11:48;36.63;Synchronized;;;248;06/06/2023;21:36:38;25.54;;;;248;06/06/2023;21:37:13;25.77;;;;
249;12/06/2023;10:12:03;36.65;Synchronized;;;249;06/06/2023;21:37:38;25.52;;;;249;06/06/2023;21:38:13;25.76;;;;
250;12/06/2023;10:12:18;36.67;Synchronized;;;250;06/06/2023;21:38:38;25.53;;;;250;06/06/2023;21:39:12;25.75;;;;
251;12/06/2023;10:12:33;36.66;Synchronized;;;251;06/06/2023;21:39:38;25.53;;;;251;06/06/2023;21:40:12;25.76;;;;
252;12/06/2023;10:12:48;36.68;Synchronized;;;252;06/06/2023;21:40:38;25.55;;;;252;06/06/2023;21:41:12;25.75;;;;
253;12/06/2023;10:13:03;36.66;Synchronized;;;253;06/06/2023;21:41:38;25.53;;;;253;06/06/2023;21:42:12;25.74;;;;
254;12/06/2023;10:13:18;36.66;;;;254;06/06/2023;21:42:38;25.54;;;;254;06/06/2023;21:43:12;25.74;;;;
255;12/06/2023;10:13:33;36.67;;;;255;06/06/2023;21:43:38;25.55;;;;255;06/06/2023;21:44:12;25.74;;;;
256;12/06/2023;10:13:48;36.67;;;;256;06/06/2023;21:44:38;25.53;;;;256;06/06/2023;21:45:11;25.75;;;;
257;12/06/2023;10:14:03;36.66;;;;257;06/06/2023;21:45:38;25.52;;;;257;06/06/2023;21:46:11;25.73;;;;
258;12/06/2023;10:14:18;36.66;;;;258;06/06/2023;21:46:38;25.53;;;;258;06/06/2023;21:47:11;25.73;;;;
259;12/06/2023;10:14:33;36.66;;;;259;06/06/2023;21:47:38;25.52;;;;259;06/06/2023;21:48:11;25.74;;;;
260;12/06/2023;10:14:48;36.67;;;;260;06/06/2023;21:48:37;25.53;;;;260;06/06/2023;21:49:11;25.75;;;;
261;12/06/2023;10:15:03;36.68;;;;261;06/06/2023;21:49:37;25.52;;;;261;06/06/2023;21:50:11;25.71;;;;
262;12/06/2023;10:15:18;36.71;;;;262;06/06/2023;21:50:37;25.5;;;;262;06/06/2023;21:51:11;25.71;;;;
263;12/06/2023;10:15:33;36.7;;;;263;06/06/2023;21:51:37;25.49;;;;263;06/06/2023;21:52:10;25.73;;;;
264;12/06/2023;10:15:48;36.7;;;;264;06/06/2023;21:52:37;25.52;;;;264;06/06/2023;21:53:10;25.73;;;;
265;12/06/2023;10:16:03;36.67;;;;265;06/06/2023;21:53:37;25.52;;;;265;06/06/2023;21:54:10;25.71;;;;
266;12/06/2023;10:16:18;36.7;;;;266;06/06/2023;21:54:37;25.51;;;;266;06/06/2023;21:55:10;25.73;;;;
267;12/06/2023;10:16:33;36.69;;;;267;06/06/2023;21:55:37;25.51;;;;267;06/06/2023;21:56:10;25.72;;;;
268;12/06/2023;10:16:48;36.7;Synchronized;;;268;06/06/2023;21:56:37;25.53;;;;268;06/06/2023;21:57:10;25.71;Synchronized;;;
269;12/06/2023;10:17:03;36.7;;;;269;06/06/2023;21:57:37;25.52;;;;269;06/06/2023;21:58:10;25.73;;;;
270;12/06/2023;10:17:18;36.69;;;;270;06/06/2023;21:58:37;25.52;;;;270;06/06/2023;21:59:09;25.71;;;;
271;12/06/2023;10:17:33;36.7;;;;271;06/06/2023;21:59:37;25.5;;;;271;06/06/2023;22:00:09;25.7;Synchronized;;;
272;12/06/2023;10:17:48;36.69;Synchronized;;;272;06/06/2023;22:00:37;25.52;;;;272;06/06/2023;22:01:09;25.7;;;;
273;12/06/2023;10:18:03;36.71;Synchronized;;;273;06/06/2023;22:01:37;25.52;;;;273;06/06/2023;22:02:09;25.7;;;;
274;12/06/2023;10:18:18;36.72;;;;274;06/06/2023;22:02:37;25.52;;;;274;06/06/2023;22:03:09;25.7;;;;
275;12/06/2023;10:18:33;36.72;;;;275;06/06/2023;22:03:37;25.51;;;;275;06/06/2023;22:04:09;25.7;;;;
276;12/06/2023;10:18:48;36.72;;;;276;06/06/2023;22:04:37;25.5;;;;276;06/06/2023;22:05:09;25.7;;;;
277;12/06/2023;10:19:03;36.72;;;;277;06/06/2023;22:05:37;25.49;;;;277;06/06/2023;22:06:08;25.69;;;;
278;12/06/2023;10:19:18;36.73;;;;278;06/06/2023;22:06:37;25.51;;;;278;06/06/2023;22:07:08;25.7;;;;
279;12/06/2023;10:19:33;36.7;Synchronized;;;279;06/06/2023;22:07:37;25.48;;;;279;06/06/2023;22:08:08;25.7;;;;
280;12/06/2023;10:19:48;36.72;Synchronized;;;280;06/06/2023;22:08:37;25.5;;;;280;06/06/2023;22:09:08;25.7;;;;
281;12/06/2023;10:20:03;36.73;;;;281;06/06/2023;22:09:37;25.51;;;;281;06/06/2023;22:10:08;25.69;;;;
282;12/06/2023;10:20:18;36.73;;;;282;06/06/2023;22:10:36;25.51;;;;282;06/06/2023;22:11:08;25.69;;;;
283;12/06/2023;10:20:33;36.72;Synchronized;;;283;06/06/2023;22:11:36;25.48;;;;283;06/06/2023;22:12:08;25.68;;;;
284;12/06/2023;10:20:48;36.71;Synchronized;;;284;06/06/2023;22:12:36;25.48;;;;284;06/06/2023;22:13:08;25.7;;;;
285;12/06/2023;10:21:03;36.7;;;;285;06/06/2023;22:13:36;25.48;;;;285;06/06/2023;22:14:07;25.67;;;;
286;12/06/2023;10:21:18;36.72;;;;286;06/06/2023;22:14:36;25.49;;;;286;06/06/2023;22:15:07;25.67;;;;
287;12/06/2023;10:21:33;36.72;;;;287;06/06/2023;22:15:36;25.49;;;;287;06/06/2023;22:16:07;25.68;;;;
288;12/06/2023;10:21:48;36.7;;;;288;06/06/2023;22:16:36;25.51;;;;288;06/06/2023;22:17:07;25.66;;;;
289;12/06/2023;10:22:03;36.71;;;;289;06/06/2023;22:17:36;25.48;;;;289;06/06/2023;22:18:07;25.68;;;;
290;12/06/2023;10:22:18;36.73;Synchronized;;;290;06/06/2023;22:18:36;25.48;;;;290;06/06/2023;22:19:07;25.64;;;;
291;12/06/2023;10:22:33;36.71;Synchronized;;;291;06/06/2023;22:19:36;25.48;;;;291;06/06/2023;22:20:07;25.66;;;;
292;12/06/2023;10:22:48;36.73;;;;292;06/06/2023;22:20:36;25.49;;;;292;06/06/2023;22:21:07;25.66;;;;
293;12/06/2023;10:23:03;36.71;Synchronized;;;293;06/06/2023;22:21:36;25.45;;;;293;06/06/2023;22:22:06;25.68;;;;
294;12/06/2023;10:23:18;36.72;;;;294;06/06/2023;22:22:36;25.49;;;;294;06/06/2023;22:23:06;25.66;;;;
295;12/06/2023;10:23:33;36.71;;;;295;06/06/2023;22:23:36;25.45;;;;295;06/06/2023;22:24:06;25.66;;;;
296;12/06/2023;10:23:48;36.73;;;;296;06/06/2023;22:24:36;25.45;;;;296;06/06/2023;22:25:06;25.66;;;;
297;12/06/2023;10:24:03;36.74;;;;297;06/06/2023;22:25:36;25.47;;;;297;06/06/2023;22:26:06;25.66;;;;
298;12/06/2023;10:24:18;36.73;;;;298;06/06/2023;22:26:36;25.45;;;;298;06/06/2023;22:27:06;25.63;;;;
299;12/06/2023;10:24:33;36.77;Synchronized;;;299;06/06/2023;22:27:36;25.43;;;;299;06/06/2023;22:28:06;25.63;;;;
300;12/06/2023;10:24:48;36.78;Synchronized;;;300;06/06/2023;22:28:36;25.44;;;;300;06/06/2023;22:29:05;25.63;;;;
301;12/06/2023;10:25:03;36.78;;;;301;06/06/2023;22:29:36;25.45;;;;301;06/06/2023;22:30:05;25.63;;;;
302;12/06/2023;10:25:18;36.77;;;;302;06/06/2023;22:30:36;25.43;Synchronized;;;302;06/06/2023;22:31:05;25.64;;;;
303;12/06/2023;10:25:33;36.77;;;;303;06/06/2023;22:31:35;25.43;;;;303;06/06/2023;22:32:05;25.63;;;;
304;12/06/2023;10:25:48;36.76;;;;304;06/06/2023;22:32:35;25.45;;;;304;06/06/2023;22:33:05;25.63;;;;
305;12/06/2023;10:26:03;36.73;;;;305;06/06/2023;22:33:35;25.44;;;;305;06/06/2023;22:34:05;25.63;;;;
306;12/06/2023;10:26:18;36.76;;;;306;06/06/2023;22:34:35;25.42;;;;306;06/06/2023;22:35:05;25.62;;;;
307;12/06/2023;10:26:33;36.75;;;;307;06/06/2023;22:35:35;25.45;;;;307;06/06/2023;22:36:05;25.63;;;;
308;12/06/2023;10:26:48;36.75;;;;308;06/06/2023;22:36:35;25.42;;;;308;06/06/2023;22:37:04;25.61;;;;
309;12/06/2023;10:27:03;36.78;;;;309;06/06/2023;22:37:35;25.44;;;;309;06/06/2023;22:38:04;25.61;;;;
310;12/06/2023;10:27:18;36.78;;;;310;06/06/2023;22:38:35;25.43;;;;310;06/06/2023;22:39:04;25.63;;;;
311;12/06/2023;10:27:33;36.77;;;;311;06/06/2023;22:39:35;25.43;;;;311;06/06/2023;22:40:04;25.62;;;;
312;12/06/2023;10:27:48;36.78;Synchronized;;;312;06/06/2023;22:40:35;25.44;;;;312;06/06/2023;22:41:04;25.62;;;;
313;12/06/2023;10:28:03;36.77;Synchronized;;;313;06/06/2023;22:41:35;25.42;;;;313;06/06/2023;22:42:04;25.62;;;;
314;12/06/2023;10:28:18;36.79;Synchronized;;;314;06/06/2023;22:42:35;25.42;;;;314;06/06/2023;22:43:04;25.61;;;;
315;12/06/2023;10:28:33;36.6;;;;315;06/06/2023;22:43:35;25.41;;;;315;06/06/2023;22:44:04;25.63;;;;
316;12/06/2023;10:28:48;36.59;;;;316;06/06/2023;22:44:35;25.41;;;;316;06/06/2023;22:45:03;25.6;;;;
317;12/06/2023;10:29:03;36.6;Synchronized;;;317;06/06/2023;22:45:35;25.41;;;;317;06/06/2023;22:46:03;25.6;;;;
318;12/06/2023;10:29:18;36.59;;;;318;06/06/2023;22:46:35;25.42;;;;318;06/06/2023;22:47:03;25.59;;;;
319;12/06/2023;10:29:33;36.56;;;;319;06/06/2023;22:47:35;25.4;;;;319;06/06/2023;22:48:03;25.61;;;;
320;12/06/2023;10:29:48;36.55;;;;320;06/06/2023;22:48:35;25.41;;;;320;06/06/2023;22:49:03;25.59;;;;
321;12/06/2023;10:30:03;36.55;;;;321;06/06/2023;22:49:35;25.39;;;;321;06/06/2023;22:50:03;25.6;;;;
322;12/06/2023;10:30:18;36.52;;;;322;06/06/2023;22:50:35;25.38;;;;322;06/06/2023;22:51:03;25.59;;;;
323;12/06/2023;10:30:33;36.52;;;;323;06/06/2023;22:51:35;25.4;;;;323;06/06/2023;22:52:03;25.59;;;;
324;12/06/2023;10:30:48;36.52;Synchronized;;;324;06/06/2023;22:52:35;25.41;;;;324;06/06/2023;22:53:02;25.59;;;;
325;12/06/2023;10:31:03;36.53;;;;325;06/06/2023;22:53:35;25.4;;;;325;06/06/2023;22:54:02;25.59;;;;
326;12/06/2023;10:31:18;36.53;;;;326;06/06/2023;22:54:35;25.41;;;;326;06/06/2023;22:55:02;25.58;;;;
327;12/06/2023;10:31:33;36.55;;;;327;06/06/2023;22:55:35;25.39;;;;327;06/06/2023;22:56:02;25.59;;;;
328;12/06/2023;10:31:48;36.59;;;;328;06/06/2023;22:56:34;25.37;;;;328;06/06/2023;22:57:02;25.57;;;;
329;12/06/2023;10:32:03;36.56;;;;329;06/06/2023;22:57:34;25.39;;;;329;06/06/2023;22:58:02;25.59;;;;
330;12/06/2023;10:32:18;36.56;;;;330;06/06/2023;22:58:34;25.38;;;;330;06/06/2023;22:59:02;25.57;;;;
331;12/06/2023;10:32:33;36.6;;;;331;06/06/2023;22:59:34;25.38;;;;331;06/06/2023;23:00:01;25.58;;;;
332;12/06/2023;10:32:48;36.6;;;;332;06/06/2023;23:00:34;25.37;;;;332;06/06/2023;23:01:01;25.58;;;;
333;12/06/2023;10:33:03;36.61;;;;333;06/06/2023;23:01:34;25.38;;;;333;06/06/2023;23:02:01;25.57;;;;
334;12/06/2023;10:33:18;36.61;;;;334;06/06/2023;23:02:34;25.38;Synchronized;;;334;06/06/2023;23:03:01;25.56;;;;
335;12/06/2023;10:33:33;36.61;;;;335;06/06/2023;23:03:34;25.38;;;;335;06/06/2023;23:04:01;25.55;;;;
336;12/06/2023;10:33:48;36.6;;;;336;06/06/2023;23:04:34;25.37;Synchronized;;;336;06/06/2023;23:05:01;25.55;;;;
337;12/06/2023;10:34:03;36.62;;;;337;06/06/2023;23:05:34;25.38;;;;337;06/06/2023;23:06:01;25.55;;;;
338;12/06/2023;10:34:18;36.63;;;;338;06/06/2023;23:06:34;25.38;Synchronized;;;338;06/06/2023;23:07:01;25.56;;;;
339;12/06/2023;10:34:33;36.63;;;;339;06/06/2023;23:07:34;25.38;;;;339;06/06/2023;23:08:00;25.56;;;;
340;12/06/2023;10:34:48;36.65;;;;340;06/06/2023;23:08:34;25.37;Synchronized;;;340;06/06/2023;23:09:00;25.55;;;;
341;12/06/2023;10:35:03;36.63;;;;341;06/06/2023;23:09:34;25.37;;;;341;06/06/2023;23:10:00;25.55;;;;
342;12/06/2023;10:35:18;36.65;;;;342;06/06/2023;23:10:34;25.35;;;;342;06/06/2023;23:11:00;25.54;;;;
343;12/06/2023;10:35:33;36.66;;;;343;06/06/2023;23:11:34;25.38;Synchronized;;;343;06/06/2023;23:12:00;25.56;;;;
344;12/06/2023;10:35:48;36.67;;;;344;06/06/2023;23:12:34;25.37;;;;344;06/06/2023;23:13:00;25.56;;;;
345;12/06/2023;10:36:03;36.67;;;;345;06/06/2023;23:13:34;25.37;Synchronized;;;345;06/06/2023;23:14:00;25.55;;;;
346;12/06/2023;10:36:18;36.66;;;;346;06/06/2023;23:14:34;25.35;;;;346;06/06/2023;23:15:00;25.55;;;;
347;12/06/2023;10:36:33;36.67;;;;347;06/06/2023;23:15:34;25.36;;;;347;06/06/2023;23:15:59;25.56;;;;
348;12/06/2023;10:36:48;36.66;;;;348;06/06/2023;23:16:34;25.37;;;;348;06/06/2023;23:16:59;25.55;;;;
349;12/06/2023;10:37:03;36.65;;;;349;06/06/2023;23:17:34;25.38;;;;349;06/06/2023;23:17:59;25.56;;;;
350;12/06/2023;10:37:18;36.67;;;;350;06/06/2023;23:18:34;25.37;;;;350;06/06/2023;23:18:59;25.56;;;;
351;12/06/2023;10:37:33;36.66;;;;351;06/06/2023;23:19:34;25.38;;;;351;06/06/2023;23:19:59;25.56;;;;
352;12/06/2023;10:37:48;36.67;;;;352;06/06/2023;23:20:34;25.36;;;;352;06/06/2023;23:20:59;25.52;;;;
353;12/06/2023;10:38:03;36.67;;;;353;06/06/2023;23:21:34;25.37;;;;353;06/06/2023;23:21:59;25.55;;;;
354;12/06/2023;10:38:18;36.66;;;;354;06/06/2023;23:22:34;25.38;;;;354;06/06/2023;23:22:59;25.55;;;;
355;12/06/2023;10:38:33;36.67;;;;355;06/06/2023;23:23:34;25.39;;;;355;06/06/2023;23:23:58;25.55;;;;
356;12/06/2023;10:38:48;36.67;;;;356;06/06/2023;23:24:34;25.36;;;;356;06/06/2023;23:24:58;25.55;;;;
357;12/06/2023;10:39:03;36.66;;;;357;06/06/2023;23:25:34;25.34;;;;357;06/06/2023;23:25:58;25.52;;;;
358;12/06/2023;10:39:18;36.66;;;;358;06/06/2023;23:26:34;25.32;;;;358;06/06/2023;23:26:58;25.52;;;;
359;12/06/2023;10:39:33;36.66;;;;359;06/06/2023;23:27:34;25.3;;;;359;06/06/2023;23:27:58;25.5;;;;
360;12/06/2023;10:39:48;36.66;;;;360;06/06/2023;23:28:34;25.31;;;;360;06/06/2023;23:28:58;25.52;;;;
361;12/06/2023;10:40:03;36.66;;;;361;06/06/2023;23:29:33;25.31;;;;361;06/06/2023;23:29:58;25.51;;;;
362;12/06/2023;10:40:18;36.69;;;;362;06/06/2023;23:30:33;25.32;;;;362;06/06/2023;23:30:58;25.5;;;;
363;12/06/2023;10:40:33;36.66;;;;363;06/06/2023;23:31:33;25.3;;;;363;06/06/2023;23:31:58;25.51;;;;
364;12/06/2023;10:40:48;36.68;;;;364;06/06/2023;23:32:33;25.31;;;;364;06/06/2023;23:32:57;25.52;;;;
365;12/06/2023;10:41:03;36.68;;;;365;06/06/2023;23:33:33;25.3;;;;365;06/06/2023;23:33:57;25.54;;;;
366;12/06/2023;10:41:18;36.66;;;;366;06/06/2023;23:34:33;25.3;;;;366;06/06/2023;23:34:57;25.5;;;;
367;12/06/2023;10:41:33;36.68;;;;367;06/06/2023;23:35:33;25.29;;;;367;06/06/2023;23:35:57;25.51;;;;
368;12/06/2023;10:41:48;36.7;;;;368;06/06/2023;23:36:33;25.29;;;;368;06/06/2023;23:36:57;25.5;;;;
369;12/06/2023;10:42:03;36.71;;;;369;06/06/2023;23:37:33;25.3;Synchronized;;;369;06/06/2023;23:37:57;25.5;;;;
370;12/06/2023;10:42:18;36.73;;;;370;06/06/2023;23:38:33;25.29;;;;370;06/06/2023;23:38:57;25.48;;;;
371;12/06/2023;10:42:33;36.73;;;;371;06/06/2023;23:39:33;25.28;;;;371;06/06/2023;23:39:57;25.5;;;;
372;12/06/2023;10:42:48;36.74;;;;372;06/06/2023;23:40:33;25.3;Synchronized;;;372;06/06/2023;23:40:56;25.49;;;;
373;12/06/2023;10:43:03;36.76;;;;373;06/06/2023;23:41:33;25.3;Synchronized;;;373;06/06/2023;23:41:56;25.48;;;;
374;12/06/2023;10:43:18;36.74;;;;374;06/06/2023;23:42:33;25.29;Synchronized;;;374;06/06/2023;23:42:56;25.48;;;;
375;12/06/2023;10:43:33;36.77;;;;375;06/06/2023;23:43:33;25.31;;;;375;06/06/2023;23:43:56;25.49;;;;
376;12/06/2023;10:43:48;36.76;;;;376;06/06/2023;23:44:33;25.3;;;;376;06/06/2023;23:44:56;25.5;;;;
377;12/06/2023;10:44:03;36.8;;;;377;06/06/2023;23:45:33;25.29;;;;377;06/06/2023;23:45:56;25.45;;;;
378;12/06/2023;10:44:18;36.78;;;;378;06/06/2023;23:46:33;25.3;;;;378;06/06/2023;23:46:56;25.5;;;;
379;12/06/2023;10:44:33;36.81;;;;379;06/06/2023;23:47:33;25.28;;;;379;06/06/2023;23:47:56;25.48;;;;
380;12/06/2023;10:44:48;36.81;;;;380;06/06/2023;23:48:33;25.28;;;;380;06/06/2023;23:48:56;25.48;;;;
381;12/06/2023;10:45:03;36.8;;;;381;06/06/2023;23:49:33;25.27;;;;381;06/06/2023;23:49:55;25.49;;;;
382;12/06/2023;10:45:18;36.82;;;;382;06/06/2023;23:50:33;25.27;;;;382;06/06/2023;23:50:55;25.47;;;;
383;12/06/2023;10:45:33;36.83;;;;383;06/06/2023;23:51:33;25.27;;;;383;06/06/2023;23:51:55;25.48;;;;
384;12/06/2023;10:45:48;36.84;;;;384;06/06/2023;23:52:33;25.28;Synchronized;;;384;06/06/2023;23:52:55;25.48;;;;
385;12/06/2023;10:46:03;36.86;;;;385;06/06/2023;23:53:33;25.27;;;;385;06/06/2023;23:53:55;25.47;;;;
386;12/06/2023;10:46:18;36.86;;;;386;06/06/2023;23:54:32;25.29;;;;386;06/06/2023;23:54:55;25.47;;;;
387;12/06/2023;10:46:33;36.85;Synchronized;;;387;06/06/2023;23:55:32;25.27;;;;387;06/06/2023;23:55:55;25.48;;;;
388;12/06/2023;10:46:48;36.88;Synchronized;;;388;06/06/2023;23:56:32;25.27;;;;388;06/06/2023;23:56:55;25.46;;;;
389;12/06/2023;10:47:03;36.91;Synchronized;;;389;06/06/2023;23:57:32;25.3;;;;389;06/06/2023;23:57:54;25.48;;;;
390;12/06/2023;10:47:18;36.94;Synchronized;;;390;06/06/2023;23:58:32;25.27;;;;390;06/06/2023;23:58:54;25.47;;;;
391;12/06/2023;10:47:33;36.94;Synchronized;;;391;06/06/2023;23:59:32;25.28;;;;391;06/06/2023;23:59:54;25.48;;;;
392;12/06/2023;10:47:48;36.95;Synchronized;;;392;07/06/2023;00:00:32;25.26;;;;392;07/06/2023;00:00:54;25.48;;;;
393;12/06/2023;10:48:03;36.91;Synchronized;;;393;07/06/2023;00:01:32;25.27;;;;393;07/06/2023;00:01:54;25.47;;;;
394;12/06/2023;10:48:18;36.91;Synchronized;;;394;07/06/2023;00:02:32;25.26;;;;394;07/06/2023;00:02:54;25.45;;;;
395;12/06/2023;10:48:33;36.93;Synchronized;;;395;07/06/2023;00:03:32;25.24;;;;395;07/06/2023;00:03:54;25.46;;;;
396;12/06/2023;10:48:48;36.94;Synchronized;;;396;07/06/2023;00:04:32;25.26;Synchronized;;;396;07/06/2023;00:04:54;25.45;;;;
397;12/06/2023;10:49:03;36.94;Synchronized;;;397;07/06/2023;00:05:32;25.24;;;;397;07/06/2023;00:05:54;25.45;;;;
398;12/06/2023;10:49:18;36.94;;;;398;07/06/2023;00:06:32;25.23;;;;398;07/06/2023;00:06:53;25.45;;;;
399;12/06/2023;10:49:33;36.93;;;;399;07/06/2023;00:07:32;25.23;;;;399;07/06/2023;00:07:53;25.45;;;;
400;12/06/2023;10:49:48;36.94;;;;400;07/06/2023;00:08:32;25.24;;;;400;07/06/2023;00:08:53;25.45;;;;
401;12/06/2023;10:50:03;36.95;;;;401;07/06/2023;00:09:32;25.26;;;;401;07/06/2023;00:09:53;25.46;;;;
402;12/06/2023;10:50:18;36.96;Synchronized;;;402;07/06/2023;00:10:32;25.24;;;;402;07/06/2023;00:10:53;25.45;;;;
403;12/06/2023;10:50:33;36.96;Synchronized;;;403;07/06/2023;00:11:32;25.23;;;;403;07/06/2023;00:11:53;25.45;;;;
404;12/06/2023;10:50:48;36.88;;;;404;07/06/2023;00:12:32;25.24;;;;404;07/06/2023;00:12:53;25.45;;;;
405;12/06/2023;10:51:03;36.86;;;;405;07/06/2023;00:13:32;25.23;Synchronized;;;405;07/06/2023;00:13:53;25.44;;;;
406;12/06/2023;10:51:18;36.87;;;;406;07/06/2023;00:14:32;25.23;;;;406;07/06/2023;00:14:53;25.44;;;;
407;12/06/2023;10:51:33;36.88;;;;407;07/06/2023;00:15:32;25.21;;;;407;07/06/2023;00:15:52;25.44;;;;
408;12/06/2023;10:51:48;36.88;;;;408;07/06/2023;00:16:32;25.24;;;;408;07/06/2023;00:16:52;25.44;;;;
409;12/06/2023;10:52:03;36.9;Synchronized;;;409;07/06/2023;00:17:32;25.24;;;;409;07/06/2023;00:17:52;25.43;;;;
410;12/06/2023;10:52:18;36.9;Synchronized;;;410;07/06/2023;00:18:32;25.25;;;;410;07/06/2023;00:18:52;25.44;;;;
411;12/06/2023;10:52:33;36.92;Synchronized;;;411;07/06/2023;00:19:32;25.25;;;;411;07/06/2023;00:19:52;25.44;;;;
412;12/06/2023;10:52:48;36.9;Synchronized;;;412;07/06/2023;00:20:32;25.25;;;;412;07/06/2023;00:20:52;25.42;;;;
413;12/06/2023;10:53:03;36.86;Synchronized;;;413;07/06/2023;00:21:32;25.25;;;;413;07/06/2023;00:21:52;25.42;;;;
414;12/06/2023;10:53:18;36.71;Synchronized;;;414;07/06/2023;00:22:32;25.21;;;;414;07/06/2023;00:22:52;25.42;;;;
415;12/06/2023;10:53:33;36.55;Synchronized;;;415;07/06/2023;00:23:32;25.23;;;;415;07/06/2023;00:23:52;25.43;;;;
416;12/06/2023;10:53:48;36.52;;;;416;07/06/2023;00:24:32;25.23;;;;416;07/06/2023;00:24:51;25.4;;;;
417;12/06/2023;10:54:03;36.47;;;;417;07/06/2023;00:25:31;25.21;;;;417;07/06/2023;00:25:51;25.43;;;;
418;12/06/2023;10:54:18;36.48;;;;418;07/06/2023;00:26:31;25.2;;;;418;07/06/2023;00:26:51;25.44;;;;
419;12/06/2023;10:54:33;36.5;Synchronized;;;419;07/06/2023;00:27:31;25.21;;;;419;07/06/2023;00:27:51;25.4;;;;
420;12/06/2023;10:54:48;36.53;;;;420;07/06/2023;00:28:31;25.2;;;;420;07/06/2023;00:28:51;25.42;;;;
421;12/06/2023;10:55:03;36.52;;;;421;07/06/2023;00:29:31;25.2;Synchronized;;;421;07/06/2023;00:29:51;25.4;;;;
422;12/06/2023;10:55:18;36.49;;;;422;07/06/2023;00:30:31;25.2;;;;422;07/06/2023;00:30:51;25.41;;;;
423;12/06/2023;10:55:33;36.48;;;;423;07/06/2023;00:31:31;25.18;;;;423;07/06/2023;00:31:51;25.43;;;;
424;12/06/2023;10:55:48;36.48;;;;424;07/06/2023;00:32:31;25.2;;;;424;07/06/2023;00:32:51;25.41;;;;
425;12/06/2023;10:56:03;36.48;;;;425;07/06/2023;00:33:31;25.2;;;;425;07/06/2023;00:33:50;25.41;;;;
426;12/06/2023;10:56:18;36.52;;;;426;07/06/2023;00:34:31;25.2;Synchronized;;;426;07/06/2023;00:34:50;25.42;;;;
427;12/06/2023;10:56:33;36.53;;;;427;07/06/2023;00:35:31;25.19;;;;427;07/06/2023;00:35:50;25.38;;;;
428;12/06/2023;10:56:48;36.54;;;;428;07/06/2023;00:36:31;25.2;;;;428;07/06/2023;00:36:50;25.4;;;;
429;12/06/2023;10:57:03;36.56;;;;429;07/06/2023;00:37:31;25.2;Synchronized;;;429;07/06/2023;00:37:50;25.39;Synchronized;;;
430;12/06/2023;10:57:18;36.55;;;;430;07/06/2023;00:38:31;25.21;;;;430;07/06/2023;00:38:50;25.41;;;;
431;12/06/2023;10:57:33;36.57;;;;431;07/06/2023;00:39:31;25.2;Synchronized;;;431;07/06/2023;00:39:50;25.39;;;;
432;12/06/2023;10:57:48;36.58;;;;432;07/06/2023;00:40:31;25.23;;;;432;07/06/2023;00:40:50;25.39;;;;
433;12/06/2023;10:58:03;36.61;;;;433;07/06/2023;00:41:31;25.2;;;;433;07/06/2023;00:41:50;25.41;;;;
434;12/06/2023;10:58:18;36.61;;;;434;07/06/2023;00:42:31;25.2;;;;434;07/06/2023;00:42:49;25.4;;;;
435;12/06/2023;10:58:33;36.6;;;;435;07/06/2023;00:43:31;25.18;Synchronized;;;435;07/06/2023;00:43:49;25.39;;;;
436;12/06/2023;10:58:48;36.62;;;;436;07/06/2023;00:44:31;25.18;;;;436;07/06/2023;00:44:49;25.4;;;;
437;12/06/2023;10:59:03;36.59;;;;437;07/06/2023;00:45:31;25.19;;;;437;07/06/2023;00:45:49;25.38;;;;
438;12/06/2023;10:59:18;36.6;;;;438;07/06/2023;00:46:31;25.18;Synchronized;;;438;07/06/2023;00:46:49;25.39;;;;
439;12/06/2023;10:59:33;36.62;;;;439;07/06/2023;00:47:31;25.16;;;;439;07/06/2023;00:47:49;25.38;;;;
440;12/06/2023;10:59:48;36.62;;;;440;07/06/2023;00:48:31;25.16;;;;440;07/06/2023;00:48:49;25.38;;;;
441;12/06/2023;11:00:03;36.62;;;;441;07/06/2023;00:49:31;25.17;Synchronized;;;441;07/06/2023;00:49:49;25.38;;;;
442;12/06/2023;11:00:18;36.65;;;;442;07/06/2023;00:50:31;25.17;;;;442;07/06/2023;00:50:49;25.37;;;;
443;12/06/2023;11:00:33;36.63;;;;443;07/06/2023;00:51:31;25.19;;;;443;07/06/2023;00:51:48;25.37;;;;
444;12/06/2023;11:00:48;36.62;;;;444;07/06/2023;00:52:31;25.17;;;;444;07/06/2023;00:52:48;25.38;;;;
445;12/06/2023;11:01:03;36.61;;;;445;07/06/2023;00:53:31;25.18;;;;445;07/06/2023;00:53:48;25.36;;;;
446;12/06/2023;11:01:18;36.63;;;;446;07/06/2023;00:54:31;25.17;Synchronized;;;446;07/06/2023;00:54:48;25.4;;;;
447;12/06/2023;11:01:33;36.63;;;;447;07/06/2023;00:55:31;25.16;Synchronized;;;447;07/06/2023;00:55:48;25.37;;;;
448;12/06/2023;11:01:48;36.63;;;;448;07/06/2023;00:56:31;25.19;;;;448;07/06/2023;00:56:48;25.38;;;;
449;12/06/2023;11:02:03;36.66;;;;449;07/06/2023;00:57:31;25.17;;;;449;07/06/2023;00:57:48;25.36;;;;
450;12/06/2023;11:02:18;36.69;;;;450;07/06/2023;00:58:31;25.16;;;;450;07/06/2023;00:58:48;25.37;Synchronized;;;
451;12/06/2023;11:02:33;36.7;;;;451;07/06/2023;00:59:31;25.13;;;;451;07/06/2023;00:59:48;25.37;;;;
452;12/06/2023;11:02:48;36.7;;;;452;07/06/2023;01:00:31;25.16;;;;452;07/06/2023;01:00:47;25.36;;;;
453;12/06/2023;11:03:03;36.71;;;;453;07/06/2023;01:01:31;25.16;;;;453;07/06/2023;01:01:47;25.37;;;;
454;12/06/2023;11:03:18;36.7;;;;454;07/06/2023;01:02:31;25.18;;;;454;07/06/2023;01:02:47;25.37;;;;
455;12/06/2023;11:03:33;36.71;;;;455;07/06/2023;01:03:31;25.16;;;;455;07/06/2023;01:03:47;25.36;;;;
456;12/06/2023;11:03:48;36.73;;;;456;07/06/2023;01:04:31;25.16;;;;456;07/06/2023;01:04:47;25.36;;;;
457;12/06/2023;11:04:03;36.75;Synchronized;;;457;07/06/2023;01:05:31;25.16;;;;457;07/06/2023;01:05:47;25.36;;;;
458;12/06/2023;11:04:18;36.76;;;;458;07/06/2023;01:06:31;25.16;;;;458;07/06/2023;01:06:47;25.35;;;;
459;12/06/2023;11:04:33;36.78;;;;459;07/06/2023;01:07:30;25.16;;;;459;07/06/2023;01:07:47;25.37;;;;
460;12/06/2023;11:04:48;36.82;;;;460;07/06/2023;01:08:30;25.14;;;;460;07/06/2023;01:08:47;25.36;;;;
461;12/06/2023;11:05:03;36.79;Synchronized;;;461;07/06/2023;01:09:30;25.15;;;;461;07/06/2023;01:09:46;25.37;;;;
462;12/06/2023;11:05:18;36.8;;;;462;07/06/2023;01:10:30;25.13;;;;462;07/06/2023;01:10:46;25.35;;;;
463;12/06/2023;11:05:33;36.83;;;;463;07/06/2023;01:11:30;25.14;;;;463;07/06/2023;01:11:46;25.34;;;;
464;12/06/2023;11:05:48;36.83;;;;464;07/06/2023;01:12:30;25.12;;;;464;07/06/2023;01:12:46;25.36;;;;
465;12/06/2023;11:06:03;36.84;;;;465;07/06/2023;01:13:30;25.13;;;;465;07/06/2023;01:13:46;25.34;;;;
466;12/06/2023;11:06:18;36.84;;;;466;07/06/2023;01:14:30;25.15;;;;466;07/06/2023;01:14:46;25.34;;;;
467;12/06/2023;11:06:33;36.88;;;;467;07/06/2023;01:15:30;25.15;;;;467;07/06/2023;01:15:46;25.34;;;;
468;12/06/2023;11:06:48;36.91;;;;468;07/06/2023;01:16:30;25.13;;;;468;07/06/2023;01:16:46;25.35;;;;
469;12/06/2023;11:07:03;36.94;;;;469;07/06/2023;01:17:30;25.09;;;;469;07/06/2023;01:17:46;25.34;;;;
470;12/06/2023;11:07:18;36.95;;;;470;07/06/2023;01:18:30;25.13;Synchronized;;;470;07/06/2023;01:18:45;25.34;;;;
471;12/06/2023;11:07:33;36.98;;;;471;07/06/2023;01:19:30;25.11;;;;471;07/06/2023;01:19:45;25.34;;;;
472;12/06/2023;11:07:48;36.98;;;;472;07/06/2023;01:20:30;25.13;;;;472;07/06/2023;01:20:45;25.34;;;;
473;12/06/2023;11:08:03;36.99;;;;473;07/06/2023;01:21:30;25.13;;;;473;07/06/2023;01:21:45;25.34;;;;
474;12/06/2023;11:08:18;37.01;;;;474;07/06/2023;01:22:30;25.11;;;;474;07/06/2023;01:22:45;25.32;;;;
475;12/06/2023;11:08:33;37.03;;;;475;07/06/2023;01:23:30;25.11;;;;475;07/06/2023;01:23:45;25.33;;;;
476;12/06/2023;11:08:48;37.02;;;;476;07/06/2023;01:24:30;25.13;;;;476;07/06/2023;01:24:45;25.34;;;;
477;12/06/2023;11:09:03;37.03;;;;477;07/06/2023;01:25:30;25.09;Synchronized;;;477;07/06/2023;01:25:45;25.32;;;;
478;12/06/2023;11:09:18;37.06;;;;478;07/06/2023;01:26:30;25.11;;;;478;07/06/2023;01:26:45;25.34;;;;
479;12/06/2023;11:09:33;37.05;;;;479;07/06/2023;01:27:30;25.11;;;;479;07/06/2023;01:27:44;25.32;;;;
480;12/06/2023;11:09:48;37.05;;;;480;07/06/2023;01:28:30;25.11;Synchronized;;;480;07/06/2023;01:28:44;25.34;;;;
481;12/06/2023;11:10:03;37.08;;;;481;07/06/2023;01:29:30;25.09;;;;481;07/06/2023;01:29:44;25.32;;;;
482;12/06/2023;11:10:18;37.09;;;;482;07/06/2023;01:30:30;25.09;;;;482;07/06/2023;01:30:44;25.31;;;;
483;12/06/2023;11:10:33;37.11;;;;483;07/06/2023;01:31:30;25.13;;;;483;07/06/2023;01:31:44;25.32;;;;
484;12/06/2023;11:10:48;37.1;;;;484;07/06/2023;01:32:30;25.09;;;;484;07/06/2023;01:32:44;25.31;;;;
485;12/06/2023;11:11:03;37.13;;;;485;07/06/2023;01:33:30;25.12;Synchronized;;;485;07/06/2023;01:33:44;25.33;;;;
486;12/06/2023;11:11:18;37.13;;;;486;07/06/2023;01:34:30;25.11;Synchronized;;;486;07/06/2023;01:34:44;25.33;;;;
487;12/06/2023;11:11:33;37.12;;;;487;07/06/2023;01:35:30;25.12;;;;487;07/06/2023;01:35:43;25.32;;;;
488;12/06/2023;11:11:48;37.16;;;;488;07/06/2023;01:36:30;25.09;;;;488;07/06/2023;01:36:43;25.3;;;;
489;12/06/2023;11:12:03;37.16;;;;489;07/06/2023;01:37:30;25.08;Synchronized;;;489;07/06/2023;01:37:43;25.31;;;;
490;12/06/2023;11:12:18;37.18;;;;490;07/06/2023;01:38:30;25.12;;;;490;07/06/2023;01:38:43;25.31;;;;
491;12/06/2023;11:12:33;37.19;;;;491;07/06/2023;01:39:30;25.11;;;;491;07/06/2023;01:39:43;25.3;;;;
492;12/06/2023;11:12:48;37.2;;;;492;07/06/2023;01:40:30;25.11;;;;492;07/06/2023;01:40:43;25.32;;;;
493;12/06/2023;11:13:03;37.2;;;;493;07/06/2023;01:41:30;25.12;Synchronized;;;493;07/06/2023;01:41:43;25.32;;;;
494;12/06/2023;11:13:18;37.22;;;;494;07/06/2023;01:42:30;25.11;;;;494;07/06/2023;01:42:43;25.33;;;;
495;12/06/2023;11:13:33;37.23;;;;495;07/06/2023;01:43:30;25.12;Synchronized;;;495;07/06/2023;01:43:43;25.31;;;;
496;12/06/2023;11:13:48;37.21;;;;496;07/06/2023;01:44:30;25.11;;;;496;07/06/2023;01:44:42;25.32;;;;
497;12/06/2023;11:14:03;37.23;;;;497;07/06/2023;01:45:30;25.13;;;;497;07/06/2023;01:45:42;25.34;;;;
498;12/06/2023;11:14:18;37.22;;;;498;07/06/2023;01:46:30;25.09;;;;498;07/06/2023;01:46:42;25.32;;;;
499;12/06/2023;11:14:33;37.23;;;;499;07/06/2023;01:47:30;25.09;;;;499;07/06/2023;01:47:42;25.3;;;;
500;12/06/2023;11:14:48;37.23;Synchronized;;;500;07/06/2023;01:48:30;25.11;Synchronized;;;500;07/06/2023;01:48:42;25.33;;;;
501;12/06/2023;11:15:03;37.24;;;;501;07/06/2023;01:49:29;25.13;;;;501;07/06/2023;01:49:42;25.31;;;;
502;12/06/2023;11:15:18;37.24;;;;502;07/06/2023;01:50:29;25.09;;;;502;07/06/2023;01:50:42;25.32;;;;
503;12/06/2023;11:15:33;37.24;Synchronized;;;503;07/06/2023;01:51:29;25.12;;;;503;07/06/2023;01:51:42;25.33;;;;
504;12/06/2023;11:15:48;37.23;;;;504;07/06/2023;01:52:29;25.12;;;;504;07/06/2023;01:52:42;25.32;;;;
505;12/06/2023;11:16:03;37.25;;;;505;07/06/2023;01:53:29;25.09;;;;505;07/06/2023;01:53:41;25.31;;;;
506;12/06/2023;11:16:18;37.25;;;;506;07/06/2023;01:54:29;25.09;;;;506;07/06/2023;01:54:41;25.31;;;;
507;12/06/2023;11:16:33;37.27;;;;507;07/06/2023;01:55:29;25.11;Synchronized;;;507;07/06/2023;01:55:41;25.31;;;;
508;12/06/2023;11:16:48;37.25;;;;508;07/06/2023;01:56:29;25.09;;;;508;07/06/2023;01:56:41;25.3;;;;
509;12/06/2023;11:17:03;37.27;Synchronized;;;509;07/06/2023;01:57:29;25.11;;;;509;07/06/2023;01:57:41;25.31;;;;
510;12/06/2023;11:17:18;37.27;;;;510;07/06/2023;01:58:29;25.09;;;;510;07/06/2023;01:58:41;25.3;;;;
511;12/06/2023;11:17:33;37.27;;;;511;07/06/2023;01:59:29;25.13;Synchronized;;;511;07/06/2023;01:59:41;25.3;;;;
512;12/06/2023;11:17:48;37.27;;;;512;07/06/2023;02:00:29;25.09;;;;512;07/06/2023;02:00:41;25.3;;;;
513;12/06/2023;11:18:03;37.28;;;;513;07/06/2023;02:01:29;25.12;;;;513;07/06/2023;02:01:41;25.3;;;;
514;12/06/2023;11:18:18;37.28;;;;514;07/06/2023;02:02:29;25.12;;;;514;07/06/2023;02:02:41;25.3;;;;
515;12/06/2023;11:18:33;37.3;;;;515;07/06/2023;02:03:29;25.09;;;;515;07/06/2023;02:03:40;25.3;;;;
516;12/06/2023;11:18:48;37.31;;;;516;07/06/2023;02:04:29;25.13;;;;516;07/06/2023;02:04:40;25.3;;;;
517;12/06/2023;11:19:03;37.3;;;;517;07/06/2023;02:05:29;25.09;;;;517;07/06/2023;02:05:40;25.31;;;;
518;12/06/2023;11:19:18;37.3;;;;518;07/06/2023;02:06:29;25.12;;;;518;07/06/2023;02:06:40;25.31;;;;
519;12/06/2023;11:19:33;37.3;;;;519;07/06/2023;02:07:29;25.09;;;;519;07/06/2023;02:07:40;25.3;;;;
520;12/06/2023;11:19:48;37.31;;;;520;07/06/2023;02:08:29;25.08;;;;520;07/06/2023;02:08:40;25.29;Synchronized;;;
521;12/06/2023;11:20:03;37.33;;;;521;07/06/2023;02:09:29;25.07;;;;521;07/06/2023;02:09:40;25.3;;;;
522;12/06/2023;11:20:18;37.3;;;;522;07/06/2023;02:10:29;25.07;;;;522;07/06/2023;02:10:40;25.29;;;;
523;12/06/2023;11:20:33;37.34;;;;523;07/06/2023;02:11:29;25.06;;;;523;07/06/2023;02:11:40;25.27;;;;
524;12/06/2023;11:20:48;37.33;;;;524;07/06/2023;02:12:29;25.08;;;;524;07/06/2023;02:12:39;25.29;;;;
525;12/06/2023;11:21:03;37.33;;;;525;07/06/2023;02:13:29;25.09;;;;525;07/06/2023;02:13:39;25.3;;;;
526;12/06/2023;11:21:18;37.32;;;;526;07/06/2023;02:14:29;25.07;;;;526;07/06/2023;02:14:39;25.27;;;;
527;12/06/2023;11:21:33;37.34;;;;527;07/06/2023;02:15:29;25.09;;;;527;07/06/2023;02:15:39;25.3;;;;
528;12/06/2023;11:21:48;37.35;;;;528;07/06/2023;02:16:29;25.07;;;;528;07/06/2023;02:16:39;25.3;;;;
529;12/06/2023;11:22:03;37.34;;;;529;07/06/2023;02:17:29;25.09;;;;529;07/06/2023;02:17:39;25.3;;;;
530;12/06/2023;11:22:18;37.33;;;;530;07/06/2023;02:18:29;25.08;Synchronized;;;530;07/06/2023;02:18:39;25.27;;;;
531;12/06/2023;11:22:33;37.35;;;;531;07/06/2023;02:19:29;25.09;;;;531;07/06/2023;02:19:39;25.29;;;;
532;12/06/2023;11:22:48;37.35;;;;532;07/06/2023;02:20:29;25.08;Synchronized;;;532;07/06/2023;02:20:39;25.27;;;;
533;12/06/2023;11:23:03;37.34;Synchronized;;;533;07/06/2023;02:21:29;25.09;;;;533;07/06/2023;02:21:39;25.27;;;;
534;12/06/2023;11:23:18;37.35;;;;534;07/06/2023;02:22:29;25.08;;;;534;07/06/2023;02:22:38;25.3;;;;
535;12/06/2023;11:23:33;37.32;Synchronized;;;535;07/06/2023;02:23:29;25.08;;;;535;07/06/2023;02:23:38;25.27;;;;
536;12/06/2023;11:23:48;36.95;;;;536;07/06/2023;02:24:29;25.07;;;;536;07/06/2023;02:24:38;25.27;;;;
537;12/06/2023;11:24:03;35.59;;;;537;07/06/2023;02:25:29;25.05;Synchronized;;;537;07/06/2023;02:25:38;25.27;;;;
538;12/06/2023;11:24:18;33.98;;;;538;07/06/2023;02:26:29;25.05;;;;538;07/06/2023;02:26:38;25.27;;;;
539;12/06/2023;11:24:33;33.13;;;;539;07/06/2023;02:27:29;25.06;;;;539;07/06/2023;02:27:38;25.29;;;;
540;12/06/2023;11:24:48;33.16;;;;540;07/06/2023;02:28:29;25.05;;;;540;07/06/2023;02:28:38;25.27;;;;
541;12/06/2023;11:25:03;33.31;;;;541;07/06/2023;02:29:29;25.05;;;;541;07/06/2023;02:29:38;25.27;;;;
542;12/06/2023;11:25:18;33.41;;;;542;07/06/2023;02:30:29;25.05;;;;542;07/06/2023;02:30:38;25.26;;;;
543;12/06/2023;11:25:33;33.58;;;;543;07/06/2023;02:31:29;25.05;;;;543;07/06/2023;02:31:38;25.26;;;;
544;12/06/2023;11:25:48;33.75;;;;544;07/06/2023;02:32:29;25.05;;;;544;07/06/2023;02:32:37;25.26;;;;
545;12/06/2023;11:26:03;33.9;;;;545;07/06/2023;02:33:29;25.05;;;;545;07/06/2023;02:33:37;25.25;;;;
546;12/06/2023;11:26:18;34.07;;;;546;07/06/2023;02:34:29;25.03;;;;546;07/06/2023;02:34:37;25.25;;;;
547;12/06/2023;11:26:33;34.23;;;;547;07/06/2023;02:35:28;25.05;;;;547;07/06/2023;02:35:37;25.25;;;;
548;12/06/2023;11:26:48;34.37;;;;548;07/06/2023;02:36:28;25.05;;;;548;07/06/2023;02:36:37;25.24;;;;
549;12/06/2023;11:27:03;34.48;;;;549;07/06/2023;02:37:28;25.02;;;;549;07/06/2023;02:37:37;25.24;;;;
550;12/06/2023;11:27:18;34.62;;;;550;07/06/2023;02:38:28;25.03;Synchronized;;;550;07/06/2023;02:38:37;25.24;;;;
551;12/06/2023;11:27:33;34.73;;;;551;07/06/2023;02:39:28;25.02;;;;551;07/06/2023;02:39:37;25.25;;;;
552;12/06/2023;11:27:48;34.78;;;;552;07/06/2023;02:40:28;25.04;Synchronized;;;552;07/06/2023;02:40:37;25.24;;;;
553;12/06/2023;11:28:03;34.88;Synchronized;;;553;07/06/2023;02:41:28;25.05;;;;553;07/06/2023;02:41:36;25.25;;;;
554;12/06/2023;11:28:18;34.97;;;;554;07/06/2023;02:42:28;25.06;;;;554;07/06/2023;02:42:36;25.25;;;;
555;12/06/2023;11:28:33;35.09;Synchronized;;;555;07/06/2023;02:43:28;25.04;;;;555;07/06/2023;02:43:36;25.23;;;;
556;12/06/2023;11:28:48;35.16;;;;556;07/06/2023;02:44:28;25.03;;;;556;07/06/2023;02:44:36;25.23;;;;
557;12/06/2023;11:29:03;35.2;;;;557;07/06/2023;02:45:28;25.05;;;;557;07/06/2023;02:45:36;25.26;;;;
558;12/06/2023;11:29:18;34.95;;;;558;07/06/2023;02:46:28;25.03;;;;558;07/06/2023;02:46:36;25.24;;;;
559;12/06/2023;11:29:33;34.4;;;;559;07/06/2023;02:47:28;25.02;;;;559;07/06/2023;02:47:36;25.26;;;;
560;12/06/2023;11:29:48;34.21;Synchronized;;;560;07/06/2023;02:48:28;25.02;;;;560;07/06/2023;02:48:36;25.23;;;;
561;12/06/2023;11:30:03;34.16;Synchronized;;;561;07/06/2023;02:49:28;25.03;Synchronized;;;561;07/06/2023;02:49:36;25.23;;;;
562;12/06/2023;11:30:18;34.22;Synchronized;;;562;07/06/2023;02:50:28;25.05;;;;562;07/06/2023;02:50:35;25.22;;;;
563;12/06/2023;11:30:33;34.15;Synchronized;;;563;07/06/2023;02:51:28;25.03;;;;563;07/06/2023;02:51:35;25.23;;;;
564;12/06/2023;11:30:48;33.97;Synchronized;;;564;07/06/2023;02:52:28;25.02;;;;564;07/06/2023;02:52:35;25.23;;;;
565;12/06/2023;11:31:03;34.01;Synchronized;;;565;07/06/2023;02:53:28;25.02;Synchronized;;;565;07/06/2023;02:53:35;25.23;;;;
566;12/06/2023;11:31:18;34.09;Synchronized;;;566;07/06/2023;02:54:28;25.04;;;;566;07/06/2023;02:54:35;25.23;;;;
567;12/06/2023;11:31:33;34.23;;;;567;07/06/2023;02:55:28;25.05;;;;567;07/06/2023;02:55:35;25.24;;;;
568;12/06/2023;11:31:48;34.37;;;;568;07/06/2023;02:56:28;25.05;Synchronized;;;568;07/06/2023;02:56:35;25.23;Synchronized;;;
569;12/06/2023;11:32:03;34.58;;;;569;07/06/2023;02:57:28;25.04;;;;569;07/06/2023;02:57:35;25.25;;;;
570;12/06/2023;11:32:18;34.82;;;;570;07/06/2023;02:58:28;25.05;;;;570;07/06/2023;02:58:35;25.23;;;;
571;12/06/2023;11:32:33;34.98;;;;571;07/06/2023;02:59:28;25.02;;;;571;07/06/2023;02:59:35;25.23;;;;
572;12/06/2023;11:32:48;35.11;;;;572;07/06/2023;03:00:28;25.03;;;;572;07/06/2023;03:00:34;25.22;;;;
573;12/06/2023;11:33:03;35.19;;;;573;07/06/2023;03:01:28;25.03;;;;573;07/06/2023;03:01:34;25.23;;;;
574;12/06/2023;11:33:18;35.28;;;;574;07/06/2023;03:02:28;25.03;;;;574;07/06/2023;03:02:34;25.24;;;;
575;12/06/2023;11:33:33;35.36;;;;575;07/06/2023;03:03:28;25.03;;;;575;07/06/2023;03:03:34;25.24;;;;
576;12/06/2023;11:33:48;35.46;;;;576;07/06/2023;03:04:28;25;;;;576;07/06/2023;03:04:34;25.22;;;;
577;12/06/2023;11:34:03;35.51;;;;577;07/06/2023;03:05:28;25.03;Synchronized;;;577;07/06/2023;03:05:34;25.23;;;;
578;12/06/2023;11:34:18;35.61;;;;578;07/06/2023;03:06:28;25.02;;;;578;07/06/2023;03:06:34;25.23;;;;
579;12/06/2023;11:34:33;35.7;;;;579;07/06/2023;03:07:28;25.01;Synchronized;;;579;07/06/2023;03:07:34;25.22;;;;
580;12/06/2023;11:34:48;35.79;;;;580;07/06/2023;03:08:28;25.02;;;;580;07/06/2023;03:08:34;25.23;;;;
581;12/06/2023;11:35:03;35.84;;;;581;07/06/2023;03:09:28;24.99;;;;581;07/06/2023;03:09:34;25.22;;;;
582;12/06/2023;11:35:18;35.81;;;;582;07/06/2023;03:10:28;25;Synchronized;;;582;07/06/2023;03:10:33;25.22;;;;
583;12/06/2023;11:35:33;35.75;;;;583;07/06/2023;03:11:28;25.01;;;;583;07/06/2023;03:11:33;25.22;;;;
584;12/06/2023;11:35:48;35.7;;;;584;07/06/2023;03:12:28;25;;;;584;07/06/2023;03:12:33;25.23;;;;
585;12/06/2023;11:36:03;35.21;;;;585;07/06/2023;03:13:28;25;Synchronized;;;585;07/06/2023;03:13:33;25.2;;;;
586;12/06/2023;11:36:18;34.87;;;;586;07/06/2023;03:14:28;25;;;;586;07/06/2023;03:14:33;25.21;;;;
587;12/06/2023;11:36:33;34.71;Synchronized;;;587;07/06/2023;03:15:28;24.98;;;;587;07/06/2023;03:15:33;25.21;;;;
588;12/06/2023;11:36:48;34.52;;;;588;07/06/2023;03:16:28;25;;;;588;07/06/2023;03:16:33;25.2;;;;
589;12/06/2023;11:37:03;34.59;;;;589;07/06/2023;03:17:28;25;Synchronized;;;589;07/06/2023;03:17:33;25.22;;;;
590;12/06/2023;11:37:18;34.66;;;;590;07/06/2023;03:18:28;25;;;;590;07/06/2023;03:18:33;25.22;;;;
591;12/06/2023;11:37:33;34.7;Synchronized;;;591;07/06/2023;03:19:28;24.99;;;;591;07/06/2023;03:19:33;25.21;;;;
592;12/06/2023;11:37:48;34.86;Synchronized;;;592;07/06/2023;03:20:28;24.99;;;;592;07/06/2023;03:20:32;25.2;;;;
593;12/06/2023;11:38:03;34.99;;;;593;07/06/2023;03:21:28;25;Synchronized;;;593;07/06/2023;03:21:32;25.2;;;;
594;12/06/2023;11:38:18;35.13;;;;594;07/06/2023;03:22:28;25.01;;;;594;07/06/2023;03:22:32;25.21;;;;
595;12/06/2023;11:38:33;34.87;;;;595;07/06/2023;03:23:28;24.98;;;;595;07/06/2023;03:23:32;25.2;;;;
596;12/06/2023;11:38:48;34.85;;;;596;07/06/2023;03:24:28;25.01;;;;596;07/06/2023;03:24:32;25.21;;;;
597;12/06/2023;11:39:03;34.91;;;;597;07/06/2023;03:25:28;24.99;;;;597;07/06/2023;03:25:32;25.2;;;;
598;12/06/2023;11:39:18;35;Synchronized;;;598;07/06/2023;03:26:28;24.99;;;;598;07/06/2023;03:26:32;25.2;;;;
599;12/06/2023;11:39:33;35.02;Synchronized;;;599;07/06/2023;03:27:28;24.99;;;;599;07/06/2023;03:27:32;25.2;;;;
600;12/06/2023;11:39:48;35.05;;;;600;07/06/2023;03:28:28;25;;;;600;07/06/2023;03:28:32;25.2;;;;
601;12/06/2023;11:40:03;35.08;Synchronized;;;601;07/06/2023;03:29:28;24.99;;;;601;07/06/2023;03:29:32;25.2;;;;
602;12/06/2023;11:40:18;34.97;Synchronized;;;602;07/06/2023;03:30:28;24.98;;;;602;07/06/2023;03:30:31;25.2;;;;
603;12/06/2023;11:40:33;34.99;Synchronized;;;603;07/06/2023;03:31:28;25;;;;603;07/06/2023;03:31:31;25.22;;;;
604;12/06/2023;11:40:48;34.97;Synchronized;;;604;07/06/2023;03:32:28;24.97;;;;604;07/06/2023;03:32:31;25.2;;;;
605;12/06/2023;11:41:03;34.8;Synchronized;;;605;07/06/2023;03:33:28;25.01;;;;605;07/06/2023;03:33:31;25.2;;;;
606;12/06/2023;11:41:18;34.77;Synchronized;;;606;07/06/2023;03:34:28;24.99;;;;606;07/06/2023;03:34:31;25.19;;;;
607;12/06/2023;11:41:33;34.9;Synchronized;;;607;07/06/2023;03:35:28;25.02;;;;607;07/06/2023;03:35:31;25.2;;;;
608;12/06/2023;11:41:48;35.02;Synchronized;;;608;07/06/2023;03:36:28;24.99;;;;608;07/06/2023;03:36:31;25.2;;;;
609;12/06/2023;11:42:03;35.21;Synchronized;;;609;07/06/2023;03:37:28;25;;;;609;07/06/2023;03:37:31;25.2;;;;
610;12/06/2023;11:42:18;35.38;;;;610;07/06/2023;03:38:28;24.97;;;;610;07/06/2023;03:38:31;25.19;;;;
611;12/06/2023;11:42:33;35.52;;;;611;07/06/2023;03:39:28;25;Synchronized;;;611;07/06/2023;03:39:31;25.2;;;;
612;12/06/2023;11:42:48;35.65;;;;612;07/06/2023;03:40:28;24.97;;;;612;07/06/2023;03:40:31;25.19;;;;
613;12/06/2023;11:43:03;35.74;;;;613;07/06/2023;03:41:28;24.96;;;;613;07/06/2023;03:41:30;25.18;;;;
614;12/06/2023;11:44:03;35.7;;;;614;07/06/2023;03:42:28;24.96;Synchronized;;;614;07/06/2023;03:42:30;25.2;;;;
615;12/06/2023;11:45:03;35.86;;;;615;07/06/2023;03:43:28;24.96;;;;615;07/06/2023;03:43:30;25.19;;;;
616;12/06/2023;11:46:03;36.01;;;;616;07/06/2023;03:44:28;24.99;;;;616;07/06/2023;03:44:30;25.2;;;;
617;12/06/2023;11:47:02;36.2;;;;617;07/06/2023;03:45:28;24.96;Synchronized;;;617;07/06/2023;03:45:30;25.2;;;;
618;12/06/2023;11:48:02;36.43;;;;618;07/06/2023;03:46:28;24.97;;;;618;07/06/2023;03:46:30;25.18;Synchronized;;;
619;12/06/2023;11:49:02;36.6;;;;619;07/06/2023;03:47:28;24.98;;;;619;07/06/2023;03:47:30;25.19;;;;
620;12/06/2023;11:50:02;36.71;;;;620;07/06/2023;03:48:28;24.98;;;;620;07/06/2023;03:48:30;25.17;;;;
621;12/06/2023;11:51:02;36.84;;;;621;07/06/2023;03:49:28;24.98;;;;621;07/06/2023;03:49:30;25.2;;;;
622;12/06/2023;11:52:02;36.88;;;;622;07/06/2023;03:50:28;24.96;Synchronized;;;622;07/06/2023;03:50:30;25.2;;;;
623;12/06/2023;11:53:02;36.95;Synchronized;;;623;07/06/2023;03:51:28;24.95;;;;623;07/06/2023;03:51:29;25.18;;;;
624;12/06/2023;11:54:02;37.02;;;;624;07/06/2023;03:52:28;24.96;;;;624;07/06/2023;03:52:29;25.2;;;;
625;12/06/2023;11:55:02;37.05;;;;625;07/06/2023;03:53:28;24.95;;;;625;07/06/2023;03:53:29;25.18;;;;
626;12/06/2023;11:56:01;37.12;;;;626;07/06/2023;03:54:28;24.95;;;;626;07/06/2023;03:54:29;25.17;;;;
627;12/06/2023;11:57:01;37.27;;;;627;07/06/2023;03:55:28;24.95;;;;627;07/06/2023;03:55:29;25.17;;;;
628;12/06/2023;11:58:01;37.42;;;;628;07/06/2023;03:56:28;24.95;;;;628;07/06/2023;03:56:29;25.18;;;;
629;12/06/2023;11:59:01;37.09;;;;629;07/06/2023;03:57:28;24.96;;;;629;07/06/2023;03:57:29;25.16;;;;
630;12/06/2023;12:00:01;36.82;;;;630;07/06/2023;03:58:28;24.96;Synchronized;;;630;07/06/2023;03:58:29;25.16;;;;
631;12/06/2023;12:01:01;36.46;;;;631;07/06/2023;03:59:28;24.93;;;;631;07/06/2023;03:59:29;25.17;;;;
632;12/06/2023;12:02:01;36.45;Synchronized;;;632;07/06/2023;04:00:28;24.95;;;;632;07/06/2023;04:00:29;25.17;;;;
633;12/06/2023;12:03:01;36.62;;;;633;07/06/2023;04:01:28;24.95;;;;633;07/06/2023;04:01:28;25.15;;;;
634;12/06/2023;12:04:01;36.83;;;;634;07/06/2023;04:02:28;24.95;;;;634;07/06/2023;04:02:28;25.18;;;;
635;12/06/2023;12:05:00;37.04;;;;635;07/06/2023;04:03:28;24.95;;;;635;07/06/2023;04:03:28;25.18;;;;
636;12/06/2023;12:06:00;37.13;;;;636;07/06/2023;04:04:28;24.97;;;;636;07/06/2023;04:04:28;25.17;;;;
637;12/06/2023;12:07:00;37.23;Synchronized;;;637;07/06/2023;04:05:28;24.95;Synchronized;;;637;07/06/2023;04:05:28;25.18;;;;
638;12/06/2023;12:08:00;37.27;Synchronized;;;638;07/06/2023;04:06:28;24.95;;;;638;07/06/2023;04:06:28;25.17;;;;
639;12/06/2023;12:09:00;37.32;Synchronized;;;639;07/06/2023;04:07:28;24.97;;;;639;07/06/2023;04:07:28;25.16;;;;
640;12/06/2023;12:10:00;37.3;;;;640;07/06/2023;04:08:28;24.95;;;;640;07/06/2023;04:08:28;25.17;;;;
641;12/06/2023;12:11:00;37.34;;;;641;07/06/2023;04:09:28;24.96;;;;641;07/06/2023;04:09:28;25.18;;;;
642;12/06/2023;12:12:00;37.4;;;;642;07/06/2023;04:10:28;24.99;;;;642;07/06/2023;04:10:28;25.17;;;;
643;12/06/2023;12:13:00;37.41;;;;643;07/06/2023;04:11:28;24.97;Synchronized;;;643;07/06/2023;04:11:28;25.19;;;;
644;12/06/2023;12:13:59;37.42;;;;644;07/06/2023;04:12:28;25;Synchronized;;;644;07/06/2023;04:12:27;25.16;;;;
645;12/06/2023;12:14:59;37.39;;;;645;07/06/2023;04:13:28;24.97;;;;645;07/06/2023;04:13:27;25.17;;;;
646;12/06/2023;12:15:59;37.38;Synchronized;;;646;07/06/2023;04:14:28;24.97;;;;646;07/06/2023;04:14:27;25.16;;;;
647;12/06/2023;12:16:59;37.41;Synchronized;;;647;07/06/2023;04:15:28;24.95;;;;647;07/06/2023;04:15:27;25.16;;;;
648;12/06/2023;12:17:59;37.45;;;;648;07/06/2023;04:16:28;24.98;;;;648;07/06/2023;04:16:27;25.17;;;;
649;12/06/2023;12:18:59;37.48;;;;649;07/06/2023;04:17:28;24.95;;;;649;07/06/2023;04:17:27;25.15;;;;
650;12/06/2023;12:19:59;37.52;;;;650;07/06/2023;04:18:28;24.95;;;;650;07/06/2023;04:18:27;25.16;;;;
651;12/06/2023;12:20:59;37.54;;;;651;07/06/2023;04:19:28;24.95;;;;651;07/06/2023;04:19:27;25.17;;;;
652;12/06/2023;12:21:58;37.52;;;;652;07/06/2023;04:20:28;24.96;;;;652;07/06/2023;04:20:27;25.15;;;;
653;12/06/2023;12:22:58;37.55;;;;653;07/06/2023;04:21:28;24.95;;;;653;07/06/2023;04:21:26;25.17;;;;
654;12/06/2023;12:23:58;37.53;;;;654;07/06/2023;04:22:28;24.94;;;;654;07/06/2023;04:22:26;25.17;;;;
655;12/06/2023;12:24:58;37.57;;;;655;07/06/2023;04:23:28;24.98;;;;655;07/06/2023;04:23:26;25.16;;;;
656;12/06/2023;12:25:58;37.54;;;;656;07/06/2023;04:24:27;24.92;;;;656;07/06/2023;04:24:26;25.14;;;;
657;12/06/2023;12:26:58;37.48;Synchronized;;;657;07/06/2023;04:25:27;24.92;;;;657;07/06/2023;04:25:26;25.16;;;;
658;12/06/2023;12:27:58;37.49;;;;658;07/06/2023;04:26:28;24.93;;;;658;07/06/2023;04:26:26;25.15;;;;
659;12/06/2023;12:28:57;37.45;;;;659;07/06/2023;04:27:28;24.91;;;;659;07/06/2023;04:27:26;25.16;;;;
660;12/06/2023;12:29:57;37.46;;;;660;07/06/2023;04:28:28;24.92;Synchronized;;;660;07/06/2023;04:28:26;25.16;;;;
661;12/06/2023;12:30:57;37.45;;;;661;07/06/2023;04:29:28;24.93;;;;661;07/06/2023;04:29:26;25.14;;;;
662;12/06/2023;12:31:57;37.45;;;;662;07/06/2023;04:30:28;24.94;;;;662;07/06/2023;04:30:26;25.14;;;;
663;12/06/2023;12:32:57;37.42;;;;663;07/06/2023;04:31:27;24.93;;;;663;07/06/2023;04:31:26;25.16;;;;
664;12/06/2023;12:33:57;37.41;Synchronized;;;664;07/06/2023;04:32:27;24.95;;;;664;07/06/2023;04:32:25;25.13;;;;
665;12/06/2023;12:34:57;37.39;Synchronized;;;665;07/06/2023;04:33:27;24.95;Synchronized;;;665;07/06/2023;04:33:25;25.16;;;;
666;12/06/2023;12:35:57;37.41;Synchronized;;;666;07/06/2023;04:34:27;24.94;;;;666;07/06/2023;04:34:25;25.13;;;;
667;12/06/2023;12:36:56;37.41;Synchronized;;;667;07/06/2023;04:35:27;24.93;;;;667;07/06/2023;04:35:25;25.16;;;;
668;12/06/2023;12:37:56;37.44;Synchronized;;;668;07/06/2023;04:36:27;24.94;;;;668;07/06/2023;04:36:25;25.15;;;;
669;12/06/2023;12:38:56;37.45;Synchronized;;;669;07/06/2023;04:37:27;24.95;;;;669;07/06/2023;04:37:25;25.14;;;;
670;12/06/2023;12:39:56;37.48;Synchronized;;;670;07/06/2023;04:38:27;24.93;Synchronized;;;670;07/06/2023;04:38:25;25.16;;;;
671;12/06/2023;12:40:56;37.52;Synchronized;;;671;07/06/2023;04:39:27;24.93;;;;671;07/06/2023;04:39:25;25.15;;;;
672;12/06/2023;12:41:56;37.5;Synchronized;;;672;07/06/2023;04:40:27;24.95;;;;672;07/06/2023;04:40:25;25.14;;;;
673;12/06/2023;12:42:55;37.53;Synchronized;;;673;07/06/2023;04:41:27;24.94;Synchronized;;;673;07/06/2023;04:41:25;25.15;;;;
674;12/06/2023;12:43:55;37.54;Synchronized;;;674;07/06/2023;04:42:27;24.95;;;;674;07/06/2023;04:42:24;25.15;;;;
675;12/06/2023;12:44:55;37.55;Synchronized;;;675;07/06/2023;04:43:27;24.95;;;;675;07/06/2023;04:43:24;25.14;;;;
676;12/06/2023;12:45:55;37.5;Synchronized;;;676;07/06/2023;04:44:27;24.93;;;;676;07/06/2023;04:44:24;25.13;;;;
677;12/06/2023;12:46:55;37.49;Synchronized;;;677;07/06/2023;04:45:27;24.91;;;;677;07/06/2023;04:45:24;25.13;;;;
678;12/06/2023;12:47:55;37.48;Synchronized;;;678;07/06/2023;04:46:27;24.93;Synchronized;;;678;07/06/2023;04:46:24;25.13;;;;
679;12/06/2023;12:48:54;37.52;Synchronized;;;679;07/06/2023;04:47:27;24.92;;;;679;07/06/2023;04:47:24;25.14;;;;
680;12/06/2023;12:49:54;37.53;Synchronized;;;680;07/06/2023;04:48:27;24.92;;;;680;07/06/2023;04:48:24;25.14;Synchronized;;;
681;12/06/2023;12:50:54;37.52;Synchronized;;;681;07/06/2023;04:49:27;24.93;;;;681;07/06/2023;04:49:24;25.13;;;;
682;12/06/2023;12:51:54;37.49;Synchronized;;;682;07/06/2023;04:50:27;24.92;Synchronized;;;682;07/06/2023;04:50:24;25.13;;;;
683;12/06/2023;12:52:54;37.53;Synchronized;;;683;07/06/2023;04:51:27;24.94;;;;683;07/06/2023;04:51:24;25.13;Synchronized;;;
684;12/06/2023;12:53:54;37.53;Synchronized;;;684;07/06/2023;04:52:27;24.94;;;;684;07/06/2023;04:52:24;25.14;;;;
685;12/06/2023;12:54:53;37.52;Synchronized;;;685;07/06/2023;04:53:27;24.95;;;;685;07/06/2023;04:53:23;25.13;;;;
686;12/06/2023;12:55:53;37.52;Synchronized;;;686;07/06/2023;04:54:27;24.94;;;;686;07/06/2023;04:54:23;25.13;;;;
687;12/06/2023;12:56:53;37.55;Synchronized;;;687;07/06/2023;04:55:27;24.95;;;;687;07/06/2023;04:55:23;25.15;;;;
688;12/06/2023;12:57:53;37.55;Synchronized;;;688;07/06/2023;04:56:27;24.95;;;;688;07/06/2023;04:56:23;25.14;;;;
689;12/06/2023;12:58:53;37.55;Synchronized;;;689;07/06/2023;04:57:27;24.95;;;;689;07/06/2023;04:57:23;25.13;;;;
690;12/06/2023;12:59:53;37.58;Synchronized;;;690;07/06/2023;04:58:27;24.96;;;;690;07/06/2023;04:58:23;25.13;;;;
691;12/06/2023;13:00:52;37.59;Synchronized;;;691;07/06/2023;04:59:27;24.95;;;;691;07/06/2023;04:59:23;25.12;;;;
692;12/06/2023;13:01:52;37.59;Synchronized;;;692;07/06/2023;05:00:27;24.94;;;;692;07/06/2023;05:00:23;25.13;;;;
693;12/06/2023;13:02:52;37.58;Synchronized;;;693;07/06/2023;05:01:27;24.93;;;;693;07/06/2023;05:01:23;25.14;;;;
694;12/06/2023;13:03:52;37.59;Synchronized;;;694;07/06/2023;05:02:27;24.94;;;;694;07/06/2023;05:02:23;25.14;;;;
695;12/06/2023;13:04:52;37.59;Synchronized;;;695;07/06/2023;05:03:27;24.93;;;;695;07/06/2023;05:03:23;25.13;;;;
696;12/06/2023;13:05:52;37.66;Synchronized;;;696;07/06/2023;05:04:27;24.95;;;;696;07/06/2023;05:04:22;25.14;;;;
697;12/06/2023;13:06:52;37.67;Synchronized;;;697;07/06/2023;05:05:27;24.95;Synchronized;;;697;07/06/2023;05:05:22;25.12;;;;
698;12/06/2023;13:07:51;37.7;Synchronized;;;698;07/06/2023;05:06:27;24.95;;;;698;07/06/2023;05:06:22;25.12;;;;
699;12/06/2023;13:08:51;37.76;Synchronized;;;699;07/06/2023;05:07:27;24.91;;;;699;07/06/2023;05:07:22;25.12;;;;
700;12/06/2023;13:09:51;37.72;Synchronized;;;700;07/06/2023;05:08:27;24.94;;;;700;07/06/2023;05:08:22;25.13;;;;
701;12/06/2023;13:10:51;37.66;Synchronized;;;701;07/06/2023;05:09:27;24.91;;;;701;07/06/2023;05:09:22;25.13;;;;
702;12/06/2023;13:11:51;37.68;Synchronized;;;702;07/06/2023;05:10:27;24.95;;;;702;07/06/2023;05:10:22;25.12;;;;
703;12/06/2023;13:12:51;37.68;Synchronized;;;703;07/06/2023;05:11:27;24.94;;;;703;07/06/2023;05:11:22;25.12;;;;
704;12/06/2023;13:13:50;37.66;Synchronized;;;704;07/06/2023;05:12:27;24.95;;;;704;07/06/2023;05:12:22;25.12;;;;
705;12/06/2023;13:14:50;37.66;Synchronized;;;705;07/06/2023;05:13:27;24.92;;;;705;07/06/2023;05:13:22;25.12;;;;
706;12/06/2023;13:15:50;37.68;Synchronized;;;706;07/06/2023;05:14:27;24.93;;;;706;07/06/2023;05:14:22;25.13;;;;
707;12/06/2023;13:16:50;37.67;Synchronized;;;707;07/06/2023;05:15:27;24.92;;;;707;07/06/2023;05:15:22;25.13;Synchronized;;;
708;12/06/2023;13:17:50;37.69;Synchronized;;;708;07/06/2023;05:16:27;24.94;;;;708;07/06/2023;05:16:21;25.11;;;;
709;12/06/2023;13:18:50;37.7;Synchronized;;;709;07/06/2023;05:17:27;24.92;;;;709;07/06/2023;05:17:21;25.11;;;;
710;12/06/2023;13:19:49;37.7;Synchronized;;;710;07/06/2023;05:18:27;24.91;;;;710;07/06/2023;05:18:21;25.1;;;;
711;12/06/2023;13:20:49;37.68;Synchronized;;;711;07/06/2023;05:19:27;24.91;;;;711;07/06/2023;05:19:21;25.13;;;;
712;12/06/2023;13:21:49;37.69;Synchronized;;;712;07/06/2023;05:20:27;24.91;;;;712;07/06/2023;05:20:21;25.1;;;;
713;12/06/2023;13:22:49;37.66;Synchronized;;;713;07/06/2023;05:21:27;24.9;;;;713;07/06/2023;05:21:21;25.09;;;;
714;12/06/2023;13:23:49;37.65;Synchronized;;;714;07/06/2023;05:22:27;24.9;;;;714;07/06/2023;05:22:21;25.11;;;;
715;12/06/2023;13:24:49;37.67;Synchronized;;;715;07/06/2023;05:23:28;24.89;;;;715;07/06/2023;05:23:21;25.1;;;;
716;12/06/2023;13:25:48;37.66;Synchronized;;;716;07/06/2023;05:24:28;24.9;;;;716;07/06/2023;05:24:21;25.09;;;;
717;12/06/2023;13:26:48;37.63;Synchronized;;;717;07/06/2023;05:25:28;24.89;;;;717;07/06/2023;05:25:21;25.11;Synchronized;;;
718;12/06/2023;13:27:48;37.68;Synchronized;;;718;07/06/2023;05:26:28;24.87;Synchronized;;;718;07/06/2023;05:26:20;25.1;;;;
719;12/06/2023;13:28:48;37.7;;;;719;07/06/2023;05:27:28;24.87;;;;719;07/06/2023;05:27:20;25.1;;;;
720;12/06/2023;13:29:48;37.7;Synchronized;;;720;07/06/2023;05:28:28;24.87;;;;720;07/06/2023;05:28:20;25.1;;;;
721;12/06/2023;13:30:48;37.7;;;;721;07/06/2023;05:29:28;24.85;;;;721;07/06/2023;05:29:20;25.09;;;;
722;12/06/2023;13:31:48;37.59;Synchronized;;;722;07/06/2023;05:30:28;24.87;;;;722;07/06/2023;05:30:20;25.09;;;;
723;12/06/2023;13:32:47;37.53;Synchronized;;;723;07/06/2023;05:31:28;24.88;;;;723;07/06/2023;05:31:20;25.07;;;;
724;12/06/2023;13:33:47;37.52;;;;724;07/06/2023;05:32:28;24.85;;;;724;07/06/2023;05:32:20;25.11;;;;
725;12/06/2023;13:34:47;37.46;;;;725;07/06/2023;05:33:28;24.85;;;;725;07/06/2023;05:33:20;25.1;;;;
726;12/06/2023;13:35:47;37.46;;;;726;07/06/2023;05:34:28;24.88;Synchronized;;;726;07/06/2023;05:34:19;25.09;;;;
727;12/06/2023;13:36:47;37.45;Synchronized;;;727;07/06/2023;05:35:28;24.89;Synchronized;;;727;07/06/2023;05:35:19;25.09;;;;
728;12/06/2023;13:37:47;37.43;Synchronized;;;728;07/06/2023;05:36:28;24.88;;;;728;07/06/2023;05:36:19;25.1;;;;
729;12/06/2023;13:38:47;37.42;Synchronized;;;729;07/06/2023;05:37:28;24.85;;;;729;07/06/2023;05:37:19;25.09;;;;
730;12/06/2023;13:39:47;37.43;Synchronized;;;730;07/06/2023;05:38:28;24.88;;;;730;07/06/2023;05:38:19;25.09;;;;
731;12/06/2023;13:40:46;37.42;Synchronized;;;731;07/06/2023;05:39:28;24.88;;;;731;07/06/2023;05:39:19;25.09;;;;
732;12/06/2023;13:41:46;37.43;Synchronized;;;732;07/06/2023;05:40:28;24.88;;;;732;07/06/2023;05:40:19;25.09;;;;
733;12/06/2023;13:42:46;37.44;Synchronized;;;733;07/06/2023;05:41:28;24.88;;;;733;07/06/2023;05:41:19;25.07;;;;
734;12/06/2023;13:43:46;37.45;;;;734;07/06/2023;05:42:28;24.87;;;;734;07/06/2023;05:42:19;25.08;;;;
735;12/06/2023;13:44:46;37.42;Synchronized;;;735;07/06/2023;05:43:28;24.88;;;;735;07/06/2023;05:43:19;25.09;;;;
736;12/06/2023;13:45:45;37.43;Synchronized;;;736;07/06/2023;05:44:28;24.87;;;;736;07/06/2023;05:44:19;25.09;;;;
737;12/06/2023;13:46:45;37.48;;;;737;07/06/2023;05:45:28;24.85;;;;737;07/06/2023;05:45:19;25.08;;;;
738;12/06/2023;13:47:45;37.47;Synchronized;;;738;07/06/2023;05:46:28;24.88;;;;738;07/06/2023;05:46:19;25.09;;;;
739;12/06/2023;13:48:45;37.48;;;;739;07/06/2023;05:47:28;24.88;;;;739;07/06/2023;05:47:18;25.09;;;;
740;12/06/2023;13:49:45;37.48;;;;740;07/06/2023;05:48:28;24.88;;;;740;07/06/2023;05:48:18;25.1;;;;
741;12/06/2023;13:50:45;37.49;Synchronized;;;741;07/06/2023;05:49:28;24.87;;;;741;07/06/2023;05:49:18;25.09;;;;
742;12/06/2023;13:51:44;37.48;Synchronized;;;742;07/06/2023;05:50:28;24.84;;;;742;07/06/2023;05:50:18;25.08;;;;
743;12/06/2023;13:52:44;37.46;;;;743;07/06/2023;05:51:28;24.87;;;;743;07/06/2023;05:51:18;25.09;;;;
744;12/06/2023;13:53:44;37.45;;;;744;07/06/2023;05:52:28;24.85;;;;744;07/06/2023;05:52:18;25.09;;;;
745;12/06/2023;13:54:44;37.41;Synchronized;;;745;07/06/2023;05:53:28;24.87;;;;745;07/06/2023;05:53:18;25.09;;;;
746;12/06/2023;13:55:44;37.45;Synchronized;;;746;07/06/2023;05:54:28;24.85;;;;746;07/06/2023;05:54:18;25.08;;;;
747;12/06/2023;13:56:44;37.41;;;;747;07/06/2023;05:55:28;24.84;;;;747;07/06/2023;05:55:18;25.06;;;;
748;12/06/2023;13:57:44;37.45;;;;748;07/06/2023;05:56:28;24.83;Synchronized;;;748;07/06/2023;05:56:17;25.08;;;;
749;12/06/2023;13:58:44;37.45;Synchronized;;;749;07/06/2023;05:57:28;24.83;Synchronized;;;749;07/06/2023;05:57:17;25.07;;;;
750;12/06/2023;13:59:43;37.46;;;;750;07/06/2023;05:58:28;24.85;;;;750;07/06/2023;05:58:17;25.09;;;;
751;12/06/2023;14:00:43;37.49;Synchronized;;;751;07/06/2023;05:59:28;24.84;;;;751;07/06/2023;05:59:17;25.06;;;;
752;12/06/2023;14:01:43;37.47;;;;752;07/06/2023;06:00:28;24.85;;;;752;07/06/2023;06:00:17;25.08;;;;
753;12/06/2023;14:02:43;37.48;;;;753;07/06/2023;06:01:28;24.88;;;;753;07/06/2023;06:01:17;25.08;;;;
754;12/06/2023;14:03:43;37.48;;;;754;07/06/2023;06:02:28;24.85;;;;754;07/06/2023;06:02:17;25.08;;;;
755;12/06/2023;14:04:43;37.48;;;;755;07/06/2023;06:03:28;24.84;;;;755;07/06/2023;06:03:16;25.06;;;;
756;12/06/2023;14:05:42;37.5;;;;756;07/06/2023;06:04:28;24.84;;;;756;07/06/2023;06:04:16;25.09;;;;
757;12/06/2023;14:06:42;37.52;;;;757;07/06/2023;06:05:28;24.85;;;;757;07/06/2023;06:05:16;25.08;;;;
758;12/06/2023;14:07:42;37.54;Synchronized;;;758;07/06/2023;06:06:28;24.87;;;;758;07/06/2023;06:06:16;25.06;;;;
759;12/06/2023;14:08:42;37.52;Synchronized;;;759;07/06/2023;06:07:28;24.85;;;;759;07/06/2023;06:07:16;25.09;;;;
760;12/06/2023;14:09:42;37.48;Synchronized;;;760;07/06/2023;06:08:28;24.84;;;;760;07/06/2023;06:08:16;25.06;;;;
761;12/06/2023;14:10:42;37.49;Synchronized;;;761;07/06/2023;06:09:28;24.87;;;;761;07/06/2023;06:09:16;25.06;;;;
762;12/06/2023;14:11:42;37.52;;;;762;07/06/2023;06:10:28;24.87;;;;762;07/06/2023;06:10:16;25.08;;;;
763;12/06/2023;14:12:41;37.48;;;;763;07/06/2023;06:11:28;24.81;;;;763;07/06/2023;06:11:16;25.06;;;;
764;12/06/2023;14:13:41;37.49;;;;764;07/06/2023;06:12:28;24.84;;;;764;07/06/2023;06:12:16;25.08;;;;
765;12/06/2023;14:14:41;37.49;Synchronized;;;765;07/06/2023;06:13:28;24.84;;;;765;07/06/2023;06:13:15;25.08;;;;
766;12/06/2023;14:15:41;37.48;Synchronized;;;766;07/06/2023;06:14:28;24.85;Synchronized;;;766;07/06/2023;06:14:15;25.08;;;;
767;12/06/2023;14:16:40;37.49;Synchronized;;;767;07/06/2023;06:15:28;24.85;;;;767;07/06/2023;06:15:15;25.06;;;;
768;12/06/2023;14:17:40;37.52;Synchronized;;;768;07/06/2023;06:16:28;24.84;;;;768;07/06/2023;06:16:15;25.06;;;;
769;12/06/2023;14:18:40;37.48;Synchronized;;;769;07/06/2023;06:17:28;24.84;;;;769;07/06/2023;06:17:15;25.06;;;;
770;12/06/2023;14:19:40;37.49;;;;770;07/06/2023;06:18:28;24.84;Synchronized;;;770;07/06/2023;06:18:15;25.08;;;;
771;12/06/2023;14:20:40;37.52;Synchronized;;;771;07/06/2023;06:19:28;24.87;;;;771;07/06/2023;06:19:15;25.06;;;;
772;12/06/2023;14:21:40;37.53;Synchronized;;;772;07/06/2023;06:20:28;24.88;;;;772;07/06/2023;06:20:15;25.08;;;;
773;12/06/2023;14:22:40;37.52;Synchronized;;;773;07/06/2023;06:21:28;24.9;;;;773;07/06/2023;06:21:14;25.08;;;;
774;12/06/2023;14:23:40;37.55;Synchronized;;;774;07/06/2023;06:22:28;24.88;Synchronized;;;774;07/06/2023;06:22:14;25.07;;;;
775;12/06/2023;14:24:39;37.58;Synchronized;;;775;07/06/2023;06:23:28;24.89;;;;775;07/06/2023;06:23:14;25.09;;;;
776;12/06/2023;14:25:39;37.59;Synchronized;;;776;07/06/2023;06:24:28;24.87;;;;776;07/06/2023;06:24:14;25.07;;;;
777;12/06/2023;14:26:39;37.58;Synchronized;;;777;07/06/2023;06:25:28;24.87;;;;777;07/06/2023;06:25:14;25.08;;;;
778;12/06/2023;14:27:39;37.57;Synchronized;;;778;07/06/2023;06:26:28;24.88;;;;778;07/06/2023;06:26:14;25.05;;;;
779;12/06/2023;14:28:39;37.57;;;;779;07/06/2023;06:27:28;24.88;;;;779;07/06/2023;06:27:14;25.07;;;;
780;12/06/2023;14:29:39;37.59;Synchronized;;;780;07/06/2023;06:28:28;24.89;Synchronized;;;780;07/06/2023;06:28:13;25.07;;;;
781;12/06/2023;14:30:39;37.56;Synchronized;;;781;07/06/2023;06:29:28;24.89;Synchronized;;;781;07/06/2023;06:29:13;25.07;;;;
782;12/06/2023;14:31:39;37.55;Synchronized;;;782;07/06/2023;06:30:28;24.91;;;;782;07/06/2023;06:30:13;25.07;;;;
783;12/06/2023;14:32:38;37.57;Synchronized;;;783;07/06/2023;06:31:28;24.9;Synchronized;;;783;07/06/2023;06:31:13;25.07;;;;
784;12/06/2023;14:33:38;37.55;Synchronized;;;784;07/06/2023;06:32:28;24.9;;;;784;07/06/2023;06:32:13;25.1;;;;
785;12/06/2023;14:34:38;37.55;Synchronized;;;785;07/06/2023;06:33:28;24.91;;;;785;07/06/2023;06:33:13;25.09;;;;
786;12/06/2023;14:35:38;37.55;;;;786;07/06/2023;06:34:28;24.91;;;;786;07/06/2023;06:34:13;25.08;;;;
787;12/06/2023;14:36:38;37.56;Synchronized;;;787;07/06/2023;06:35:28;24.91;;;;787;07/06/2023;06:35:13;25.07;;;;
788;12/06/2023;14:37:37;37.56;Synchronized;;;788;07/06/2023;06:36:28;24.94;;;;788;07/06/2023;06:36:12;25.08;;;;
789;12/06/2023;14:38:37;37.54;;;;789;07/06/2023;06:37:28;24.92;;;;789;07/06/2023;06:37:12;25.08;;;;
790;12/06/2023;14:39:37;37.53;Synchronized;;;790;07/06/2023;06:38:28;24.93;;;;790;07/06/2023;06:38:12;25.09;;;;
791;12/06/2023;14:40:37;37.52;Synchronized;;;791;07/06/2023;06:39:28;24.91;;;;791;07/06/2023;06:39:12;25.09;;;;
792;12/06/2023;14:41:37;37.52;;;;792;07/06/2023;06:40:28;24.91;;;;792;07/06/2023;06:40:12;25.09;;;;
793;12/06/2023;14:42:37;37.53;;;;793;07/06/2023;06:41:28;24.92;;;;793;07/06/2023;06:41:12;25.09;;;;
794;12/06/2023;14:43:37;37.52;Synchronized;;;794;07/06/2023;06:42:28;24.94;;;;794;07/06/2023;06:42:12;25.09;;;;
795;12/06/2023;14:44:37;37.53;;;;795;07/06/2023;06:43:28;24.91;Synchronized;;;795;07/06/2023;06:43:12;25.1;;;;
796;12/06/2023;14:45:36;37.52;;;;796;07/06/2023;06:44:28;24.93;;;;796;07/06/2023;06:44:12;25.09;;;;
797;12/06/2023;14:46:36;37.52;;;;797;07/06/2023;06:45:28;24.94;;;;797;07/06/2023;06:45:12;25.09;;;;
798;12/06/2023;14:47:36;37.52;Synchronized;;;798;07/06/2023;06:46:28;24.95;;;;798;07/06/2023;06:46:12;25.08;;;;
799;12/06/2023;14:48:36;37.56;Synchronized;;;799;07/06/2023;06:47:28;24.94;;;;799;07/06/2023;06:47:11;25.09;;;;
800;12/06/2023;14:49:35;37.58;Synchronized;;;800;07/06/2023;06:48:28;24.95;;;;800;07/06/2023;06:48:11;25.1;;;;
801;12/06/2023;14:50:35;37.56;Synchronized;;;801;07/06/2023;06:49:28;24.95;;;;801;07/06/2023;06:49:11;25.11;;;;
802;12/06/2023;14:51:35;37.6;;;;802;07/06/2023;06:50:28;24.95;;;;802;07/06/2023;06:50:11;25.11;;;;
803;12/06/2023;14:52:35;37.58;Synchronized;;;803;07/06/2023;06:51:28;24.95;;;;803;07/06/2023;06:51:11;25.11;;;;
804;12/06/2023;14:53:35;37.61;Synchronized;;;804;07/06/2023;06:52:28;24.95;;;;804;07/06/2023;06:52:11;25.12;;;;
805;12/06/2023;14:54:35;37.59;;;;805;07/06/2023;06:53:28;24.95;;;;805;07/06/2023;06:53:11;25.09;;;;
806;12/06/2023;14:55:35;37.59;Synchronized;;;806;07/06/2023;06:54:28;24.97;;;;806;07/06/2023;06:54:11;25.1;;;;
807;12/06/2023;14:56:35;37.57;;;;807;07/06/2023;06:55:28;24.96;;;;807;07/06/2023;06:55:11;25.12;;;;
808;12/06/2023;14:57:34;37.56;;;;808;07/06/2023;06:56:28;24.95;;;;808;07/06/2023;06:56:11;25.11;;;;
809;12/06/2023;14:58:34;37.52;Synchronized;;;809;07/06/2023;06:57:28;24.97;;;;809;07/06/2023;06:57:11;25.12;;;;
810;12/06/2023;14:59:34;37.52;Synchronized;;;810;07/06/2023;06:58:28;24.99;;;;810;07/06/2023;06:58:10;25.12;;;;
811;12/06/2023;15:00:34;37.56;Synchronized;;;811;07/06/2023;06:59:28;24.99;;;;811;07/06/2023;06:59:10;25.13;;;;
812;12/06/2023;15:01:34;37.55;;;;812;07/06/2023;07:00:28;25.01;;;;812;07/06/2023;07:00:10;25.12;;;;
813;12/06/2023;15:02:34;37.55;Synchronized;;;813;07/06/2023;07:01:28;25;;;;813;07/06/2023;07:01:10;25.15;;;;
814;12/06/2023;15:03:34;37.52;Synchronized;;;814;07/06/2023;07:02:28;25.01;;;;814;07/06/2023;07:02:10;25.13;;;;
815;12/06/2023;15:04:33;37.55;Synchronized;;;815;07/06/2023;07:03:28;25.02;;;;815;07/06/2023;07:03:10;25.13;;;;
816;12/06/2023;15:05:33;37.46;;;;816;07/06/2023;07:04:28;25.01;;;;816;07/06/2023;07:04:10;25.12;;;;
817;12/06/2023;15:06:33;37.41;;;;817;07/06/2023;07:05:28;24.99;Synchronized;;;817;07/06/2023;07:05:10;25.13;;;;
818;12/06/2023;15:07:33;37.46;;;;818;07/06/2023;07:06:28;25.02;;;;818;07/06/2023;07:06:10;25.13;;;;
819;12/06/2023;15:08:33;37.52;;;;819;07/06/2023;07:07:28;25.02;;;;819;07/06/2023;07:07:10;25.13;;;;
820;12/06/2023;15:09:33;37.4;Synchronized;;;820;07/06/2023;07:08:28;25.02;;;;820;07/06/2023;07:08:10;25.13;;;;
821;12/06/2023;15:10:33;37.3;Synchronized;;;821;07/06/2023;07:09:28;25.02;;;;821;07/06/2023;07:09:10;25.14;;;;
822;12/06/2023;15:11:32;37.37;Synchronized;;;822;07/06/2023;07:10:28;25.02;;;;822;07/06/2023;07:10:09;25.16;;;;
823;12/06/2023;15:12:32;37.33;;;;823;07/06/2023;07:11:28;25.02;;;;823;07/06/2023;07:11:09;25.14;;;;
824;12/06/2023;15:13:32;37.35;Synchronized;;;824;07/06/2023;07:12:28;25.04;;;;824;07/06/2023;07:12:09;25.15;;;;
825;12/06/2023;15:14:32;37.39;Synchronized;;;825;07/06/2023;07:13:28;25.01;;;;825;07/06/2023;07:13:09;25.15;;;;
826;12/06/2023;15:15:32;37.38;;;;826;07/06/2023;07:14:28;25.03;;;;826;07/06/2023;07:14:09;25.17;;;;
827;12/06/2023;15:16:32;37.37;Synchronized;;;827;07/06/2023;07:15:28;25.05;;;;827;07/06/2023;07:15:09;25.16;;;;
828;12/06/2023;15:17:32;37.42;;;;828;07/06/2023;07:16:28;25.05;;;;828;07/06/2023;07:16:09;25.16;;;;
829;12/06/2023;15:18:31;37.44;;;;829;07/06/2023;07:17:28;25.05;;;;829;07/06/2023;07:17:09;25.15;;;;
830;12/06/2023;15:19:31;37.47;Synchronized;;;830;07/06/2023;07:18:28;25.05;;;;830;07/06/2023;07:18:09;25.18;;;;
831;12/06/2023;15:20:31;37.45;Synchronized;;;831;07/06/2023;07:19:28;25.03;;;;831;07/06/2023;07:19:09;25.18;;;;
832;12/06/2023;15:21:31;37.45;Synchronized;;;832;07/06/2023;07:20:28;25.05;;;;832;07/06/2023;07:20:09;25.16;;;;
833;12/06/2023;15:22:31;37.43;Synchronized;;;833;07/06/2023;07:21:28;25.05;;;;833;07/06/2023;07:21:08;25.18;;;;
834;12/06/2023;15:23:31;37.39;;;;834;07/06/2023;07:22:28;25.08;;;;834;07/06/2023;07:22:08;25.18;;;;
835;12/06/2023;15:24:30;37.41;;;;835;07/06/2023;07:23:28;25.07;Synchronized;;;835;07/06/2023;07:23:08;25.18;;;;
836;12/06/2023;15:25:30;37.43;;;;836;07/06/2023;07:24:28;25.09;;;;836;07/06/2023;07:24:08;25.17;;;;
837;12/06/2023;15:26:30;37.45;Synchronized;;;837;07/06/2023;07:25:28;25.07;;;;837;07/06/2023;07:25:08;25.2;;;;
838;12/06/2023;15:27:30;37.45;Synchronized;;;838;07/06/2023;07:26:28;25.06;;;;838;07/06/2023;07:26:08;25.2;;;;
839;12/06/2023;15:28:30;37.45;;;;839;07/06/2023;07:27:28;25.09;Synchronized;;;839;07/06/2023;07:27:08;25.2;;;;
840;12/06/2023;15:29:30;37.43;;;;840;07/06/2023;07:28:28;25.09;;;;840;07/06/2023;07:28:08;25.21;;;;
841;12/06/2023;15:30:29;37.43;;;;841;07/06/2023;07:29:28;25.09;;;;841;07/06/2023;07:29:08;25.19;;;;
842;12/06/2023;15:31:29;37.36;;;;842;07/06/2023;07:30:28;25.09;;;;842;07/06/2023;07:30:08;25.2;;;;
843;12/06/2023;15:32:29;37.37;;;;843;07/06/2023;07:31:28;25.08;;;;843;07/06/2023;07:31:07;25.22;;;;
844;12/06/2023;15:33:29;37.37;;;;844;07/06/2023;07:32:28;25.11;;;;844;07/06/2023;07:32:07;25.21;;;;
845;12/06/2023;15:34:29;37.39;;;;845;07/06/2023;07:33:28;25.12;;;;845;07/06/2023;07:33:07;25.2;;;;
846;12/06/2023;15:35:29;37.36;;;;846;07/06/2023;07:34:28;25.09;Synchronized;;;846;07/06/2023;07:34:07;25.2;;;;
847;12/06/2023;15:36:29;37.38;;;;847;07/06/2023;07:35:28;25.12;;;;847;07/06/2023;07:35:07;25.2;;;;
848;12/06/2023;15:37:28;37.39;;;;848;07/06/2023;07:36:28;25.12;Synchronized;;;848;07/06/2023;07:36:07;25.21;;;;
849;12/06/2023;15:38:28;37.36;;;;849;07/06/2023;07:37:28;25.11;;;;849;07/06/2023;07:37:07;25.23;;;;
850;12/06/2023;15:39:28;37.39;;;;850;07/06/2023;07:38:28;25.11;;;;850;07/06/2023;07:38:07;25.2;;;;
851;12/06/2023;15:40:28;37.36;Synchronized;;;851;07/06/2023;07:39:28;25.13;;;;851;07/06/2023;07:39:07;25.21;;;;
852;12/06/2023;15:41:28;37.35;;;;852;07/06/2023;07:40:28;25.12;;;;852;07/06/2023;07:40:07;25.23;;;;
853;12/06/2023;15:42:28;37.4;;;;853;07/06/2023;07:41:28;25.13;;;;853;07/06/2023;07:41:06;25.24;;;;
854;12/06/2023;15:43:27;37.38;;;;854;07/06/2023;07:42:28;25.12;;;;854;07/06/2023;07:42:06;25.23;;;;
855;12/06/2023;15:44:27;37.4;;;;855;07/06/2023;07:43:28;25.15;;;;855;07/06/2023;07:43:06;25.23;;;;
856;12/06/2023;15:45:27;37.4;;;;856;07/06/2023;07:44:28;25.16;;;;856;07/06/2023;07:44:06;25.26;;;;
857;12/06/2023;15:46:27;37.41;;;;857;07/06/2023;07:45:28;25.16;Synchronized;;;857;07/06/2023;07:45:06;25.23;;;;
858;12/06/2023;15:47:27;37.43;Synchronized;;;858;07/06/2023;07:46:28;25.16;;;;858;07/06/2023;07:46:06;25.25;;;;
859;12/06/2023;15:48:27;37.42;Synchronized;;;859;07/06/2023;07:47:28;25.15;;;;859;07/06/2023;07:47:06;25.27;;;;
860;12/06/2023;15:49:26;37.45;Synchronized;;;860;07/06/2023;07:48:28;25.15;Synchronized;;;860;07/06/2023;07:48:06;25.26;;;;
861;12/06/2023;15:50:26;37.45;;;;861;07/06/2023;07:49:28;25.14;Synchronized;;;861;07/06/2023;07:49:06;25.27;;;;
862;12/06/2023;15:51:26;37.41;Synchronized;;;862;07/06/2023;07:50:28;25.14;;;;862;07/06/2023;07:50:05;25.27;;;;
863;12/06/2023;15:52:26;37.38;Synchronized;;;863;07/06/2023;07:51:28;25.13;Synchronized;;;863;07/06/2023;07:51:05;25.25;;;;
864;12/06/2023;15:53:26;37.41;;;;864;07/06/2023;07:52:28;25.14;Synchronized;;;864;07/06/2023;07:52:05;25.27;;;;
865;12/06/2023;15:54:26;37.37;Synchronized;;;865;07/06/2023;07:53:27;25.15;Synchronized;;;865;07/06/2023;07:53:05;25.27;;;;
866;12/06/2023;15:55:26;37.38;;;;866;07/06/2023;07:54:27;25.13;Synchronized;;;866;07/06/2023;07:54:05;25.26;;;;
867;12/06/2023;15:56:25;37.37;;;;867;07/06/2023;07:55:27;25.16;;;;867;07/06/2023;07:55:05;25.25;;;;
868;12/06/2023;15:57:25;37.4;;;;868;07/06/2023;07:56:27;25.13;;;;868;07/06/2023;07:56:05;25.26;;;;
869;12/06/2023;15:58:25;37.4;;;;869;07/06/2023;07:57:27;25.13;;;;869;07/06/2023;07:57:05;25.27;;;;
870;12/06/2023;15:59:25;37.39;;;;870;07/06/2023;07:58:27;25.16;;;;870;07/06/2023;07:58:05;25.27;;;;
871;12/06/2023;16:00:25;37.37;;;;871;07/06/2023;07:59:27;25.2;;;;871;07/06/2023;07:59:04;25.3;;;;
872;12/06/2023;16:01:25;37.3;;;;872;07/06/2023;08:00:27;25.24;;;;872;07/06/2023;08:00:04;25.3;;;;
873;12/06/2023;16:02:24;37.32;;;;873;07/06/2023;08:01:27;25.23;;;;873;07/06/2023;08:01:04;25.3;;;;
874;12/06/2023;16:03:24;37.38;;;;874;07/06/2023;08:02:27;25.26;Synchronized;;;874;07/06/2023;08:02:04;25.3;;;;
875;12/06/2023;16:04:24;37.38;;;;875;07/06/2023;08:03:27;25.27;Synchronized;;;875;07/06/2023;08:03:04;25.32;Synchronized;;;
876;12/06/2023;16:05:24;37.39;;;;876;07/06/2023;08:04:27;25.61;Synchronized;;;876;07/06/2023;08:04:04;25.5;Synchronized;;;
877;12/06/2023;16:06:24;37.36;;;;877;07/06/2023;08:05:27;25.74;Synchronized;;;877;07/06/2023;08:05:03;25.85;Synchronized;;;
878;12/06/2023;16:07:24;37.41;;;;878;07/06/2023;08:06:28;25.81;Synchronized;;;878;07/06/2023;08:06:03;25.91;Synchronized;;;
879;12/06/2023;16:08:24;37.41;;;;879;07/06/2023;08:07:28;25.88;Synchronized;;;879;07/06/2023;08:07:03;25.96;Synchronized;;;
880;12/06/2023;16:09:23;37.42;;;;880;07/06/2023;08:08:28;25.94;Synchronized;;;880;07/06/2023;08:08:03;26.01;Synchronized;;;
881;12/06/2023;16:10:23;37.4;;;;881;07/06/2023;08:09:28;25.99;Synchronized;;;881;07/06/2023;08:09:03;26.06;Synchronized;;;
882;12/06/2023;16:11:23;37.4;;;;882;07/06/2023;08:10:28;26.05;Synchronized;;;882;07/06/2023;08:10:03;26.09;Synchronized;;;
883;12/06/2023;16:12:23;37.38;;;;883;07/06/2023;08:11:28;26.09;Synchronized;;;883;07/06/2023;08:11:02;26.1;Synchronized;;;
884;12/06/2023;16:13:23;37.38;;;;884;07/06/2023;08:12:28;26.12;Synchronized;;;884;07/06/2023;08:12:02;26.16;Synchronized;;;
885;12/06/2023;16:14:23;37.37;;;;885;07/06/2023;08:13:28;26.11;Synchronized;;;885;07/06/2023;08:13:02;26.15;Synchronized;;;
886;12/06/2023;16:15:23;37.37;;;;886;07/06/2023;08:14:28;26.14;Synchronized;;;886;07/06/2023;08:14:02;26.16;Synchronized;;;
887;12/06/2023;16:16:22;37.36;;;;887;07/06/2023;08:15:28;26.2;Synchronized;;;887;07/06/2023;08:15:02;26.23;Synchronized;;;
888;12/06/2023;16:17:22;37.38;;;;888;07/06/2023;08:16:29;26.21;Synchronized;;;888;07/06/2023;08:16:02;26.22;Synchronized;;;
889;12/06/2023;16:18:22;37.37;;;;889;07/06/2023;08:17:29;26.22;Synchronized;;;889;07/06/2023;08:17:01;26.22;Synchronized;;;
890;12/06/2023;16:19:22;37.35;;;;890;07/06/2023;08:18:29;26.24;Synchronized;;;890;07/06/2023;08:18:01;26.24;Synchronized;;;
891;12/06/2023;16:20:22;37.36;;;;891;07/06/2023;08:19:29;26.24;Synchronized;;;891;07/06/2023;08:19:01;26.27;Synchronized;;;
892;12/06/2023;16:21:22;37.34;;;;892;07/06/2023;08:20:29;26.37;;;;892;07/06/2023;08:20:01;26.29;;;;
893;12/06/2023;16:22:22;37.34;Synchronized;;;893;07/06/2023;08:21:29;26.63;;;;893;07/06/2023;08:21:01;26.38;;;;
894;12/06/2023;16:23:21;37.33;;;;894;07/06/2023;08:22:29;26.7;Synchronized;;;894;07/06/2023;08:22:01;26.55;Synchronized;;;
895;12/06/2023;16:24:21;37.36;;;;895;07/06/2023;08:23:29;26.62;Synchronized;;;895;07/06/2023;08:23:01;26.5;Synchronized;;;
896;12/06/2023;16:25:21;37.37;;;;896;07/06/2023;08:24:29;26.58;Synchronized;;;896;07/06/2023;08:24:00;26.5;Synchronized;;;
897;12/06/2023;16:26:21;37.33;;;;897;07/06/2023;08:25:29;26.53;Synchronized;;;897;07/06/2023;08:25:00;26.48;Synchronized;;;
898;12/06/2023;16:27:21;37.34;;;;898;07/06/2023;08:26:29;26.48;Synchronized;;;898;07/06/2023;08:26:00;26.43;Synchronized;;;
899;12/06/2023;16:28:21;37.34;Synchronized;;;899;07/06/2023;08:27:29;26.46;Synchronized;;;899;07/06/2023;08:27:00;26.43;Synchronized;;;
900;12/06/2023;16:29:21;37.36;;;;900;07/06/2023;08:28:29;26.45;Synchronized;;;900;07/06/2023;08:28:00;26.41;Synchronized;;;
901;12/06/2023;16:30:20;37.34;;;;901;07/06/2023;08:29:29;26.41;Synchronized;;;901;07/06/2023;08:28:59;26.4;Synchronized;;;
902;12/06/2023;16:31:20;37.35;;;;902;07/06/2023;08:30:29;26.41;Synchronized;;;902;07/06/2023;08:29:59;26.39;Synchronized;;;
903;12/06/2023;16:32:20;37.34;;;;903;07/06/2023;08:31:29;26.4;Synchronized;;;903;07/06/2023;08:30:59;26.37;Synchronized;;;
904;12/06/2023;16:33:20;37.38;Synchronized;;;904;07/06/2023;08:32:29;26.4;Synchronized;;;904;07/06/2023;08:31:59;26.36;Synchronized;;;
905;12/06/2023;16:34:20;37.37;Synchronized;;;905;07/06/2023;08:33:29;26.38;Synchronized;;;905;07/06/2023;08:32:59;26.37;Synchronized;;;
906;12/06/2023;16:35:20;37.38;;;;906;07/06/2023;08:34:29;26.41;Synchronized;;;906;07/06/2023;08:33:59;26.35;Synchronized;;;
907;12/06/2023;16:36:19;37.38;;;;907;07/06/2023;08:35:29;26.47;Synchronized;;;907;07/06/2023;08:34:58;26.41;Synchronized;;;
908;12/06/2023;16:37:19;37.34;;;;908;07/06/2023;08:36:29;26.48;Synchronized;;;908;07/06/2023;08:35:58;26.45;Synchronized;;;
909;12/06/2023;16:38:19;37.43;;;;909;07/06/2023;08:37:29;26.52;Synchronized;;;909;07/06/2023;08:36:58;26.5;Synchronized;;;
;;;;;;;910;07/06/2023;08:38:29;26.52;Synchronized;;;910;07/06/2023;08:37:58;26.52;Synchronized;;;
;;;;;;;911;07/06/2023;08:39:29;26.53;Synchronized;;;911;07/06/2023;08:38:58;26.53;Synchronized;;;
;;;;;;;912;07/06/2023;08:40:29;26.52;Synchronized;;;912;07/06/2023;08:39:57;26.54;Synchronized;;;
;;;;;;;913;07/06/2023;08:41:29;26.49;Synchronized;;;913;07/06/2023;08:40:57;26.53;Synchronized;;;
;;;;;;;914;07/06/2023;08:42:30;26.47;Synchronized;;;914;07/06/2023;08:41:57;26.48;Synchronized;;;
;;;;;;;915;07/06/2023;08:43:30;26.43;Synchronized;;;915;07/06/2023;08:42:57;26.45;Synchronized;;;
;;;;;;;916;07/06/2023;08:44:30;26.41;Synchronized;;;916;07/06/2023;08:43:57;26.41;Synchronized;;;
;;;;;;;917;07/06/2023;08:45:30;26.41;Synchronized;;;917;07/06/2023;08:44:56;26.41;Synchronized;;;
;;;;;;;918;07/06/2023;08:46:30;26.38;Synchronized;;;918;07/06/2023;08:45:56;26.39;Synchronized;;;
;;;;;;;919;07/06/2023;08:47:30;26.36;Synchronized;;;919;07/06/2023;08:46:56;26.38;Synchronized;;;
;;;;;;;920;07/06/2023;08:48:30;26.39;Synchronized;;;920;07/06/2023;08:47:56;26.39;Synchronized;;;
;;;;;;;921;07/06/2023;08:49:30;26.43;Synchronized;;;921;07/06/2023;08:48:56;26.43;Synchronized;;;
;;;;;;;922;07/06/2023;08:50:30;30.02;Synchronized;;;922;07/06/2023;08:49:55;26.43;Synchronized;;;
;;;;;;;923;07/06/2023;08:51:30;36.45;Synchronized;;;923;07/06/2023;08:50:55;26.43;Synchronized;;;
;;;;;;;924;07/06/2023;08:52:30;37.31;Synchronized;;;924;07/06/2023;08:51:55;26.45;Synchronized;;;
;;;;;;;925;07/06/2023;08:53:30;37.45;Synchronized;;;925;07/06/2023;08:52:55;26.45;Synchronized;;;
;;;;;;;926;07/06/2023;08:54:30;37.5;Synchronized;;;926;07/06/2023;08:53:55;26.41;Synchronized;;;
;;;;;;;927;07/06/2023;08:55:30;37.52;Synchronized;;;927;07/06/2023;08:54:55;26.41;Synchronized;;;
;;;;;;;928;07/06/2023;08:56:30;37.52;Synchronized;;;928;07/06/2023;08:55:54;26.41;Synchronized;;;
;;;;;;;929;07/06/2023;08:57:30;37.52;Synchronized;;;929;07/06/2023;08:56:54;26.68;Synchronized;;;
;;;;;;;930;07/06/2023;08:58:30;37.51;Synchronized;;;930;07/06/2023;08:57:54;32.29;Synchronized;;;
;;;;;;;931;07/06/2023;08:59:30;37.47;Synchronized;;;931;07/06/2023;08:58:54;34.9;Synchronized;;;
;;;;;;;932;07/06/2023;09:00:30;37.45;Synchronized;;;932;07/06/2023;08:59:54;35.55;Synchronized;;;
;;;;;;;933;07/06/2023;09:01:30;37.46;Synchronized;;;933;07/06/2023;09:00:53;35.7;Synchronized;;;
;;;;;;;934;07/06/2023;09:02:30;37.42;;;;934;07/06/2023;09:01:53;35.7;Synchronized;;;
;;;;;;;935;07/06/2023;09:03:30;37.41;;;;935;07/06/2023;09:02:53;35.48;Synchronized;;;
;;;;;;;936;07/06/2023;09:04:30;37.41;Synchronized;;;936;07/06/2023;09:03:53;35.51;Synchronized;;;
;;;;;;;937;07/06/2023;09:05:30;37.41;;;;937;07/06/2023;09:04:53;35.6;Synchronized;;;
;;;;;;;938;07/06/2023;09:06:30;37.41;;;;938;07/06/2023;09:05:52;35.71;Synchronized;;;
;;;;;;;939;07/06/2023;09:07:30;37.42;;;;939;07/06/2023;09:06:52;35.84;Synchronized;;;
;;;;;;;940;07/06/2023;09:08:30;37.42;;;;940;07/06/2023;09:07:52;35.87;Synchronized;;;
;;;;;;;941;07/06/2023;09:09:30;37.41;;;;941;07/06/2023;09:08:52;35.97;Synchronized;;;
;;;;;;;942;07/06/2023;09:10:30;37.44;;;;942;07/06/2023;09:09:52;36.04;Synchronized;;;
;;;;;;;943;07/06/2023;09:11:30;37.42;Synchronized;;;943;07/06/2023;09:10:51;36.13;Synchronized;;;
;;;;;;;944;07/06/2023;09:12:30;37.44;;;;944;07/06/2023;09:11:51;36.23;Synchronized;;;
;;;;;;;945;07/06/2023;09:13:30;37.45;Synchronized;;;945;07/06/2023;09:12:51;36.34;Synchronized;;;
;;;;;;;946;07/06/2023;09:14:30;37.44;Synchronized;;;946;07/06/2023;09:13:51;36.45;Synchronized;;;
;;;;;;;947;07/06/2023;09:15:30;37.43;Synchronized;;;947;07/06/2023;09:14:51;36.5;Synchronized;;;
;;;;;;;948;07/06/2023;09:16:30;37.46;Synchronized;;;948;07/06/2023;09:15:50;36.58;Synchronized;;;
;;;;;;;949;07/06/2023;09:17:30;37.44;Synchronized;;;949;07/06/2023;09:16:50;36.66;Synchronized;;;
;;;;;;;950;07/06/2023;09:18:30;37.45;Synchronized;;;950;07/06/2023;09:17:50;36.72;Synchronized;;;
;;;;;;;951;07/06/2023;09:19:30;37.42;Synchronized;;;951;07/06/2023;09:18:50;36.76;Synchronized;;;
;;;;;;;952;07/06/2023;09:20:30;37.44;Synchronized;;;952;07/06/2023;09:19:50;36.8;Synchronized;;;
;;;;;;;953;07/06/2023;09:21:30;37.46;Synchronized;;;953;07/06/2023;09:20:50;36.83;Synchronized;;;
;;;;;;;954;07/06/2023;09:22:30;37.42;Synchronized;;;954;07/06/2023;09:21:49;36.87;Synchronized;;;
;;;;;;;955;07/06/2023;09:23:30;37.44;Synchronized;;;955;07/06/2023;09:22:49;36.91;Synchronized;;;
;;;;;;;956;07/06/2023;09:24:30;37.43;Synchronized;;;956;07/06/2023;09:23:49;36.91;Synchronized;;;
;;;;;;;957;07/06/2023;09:25:30;37.43;Synchronized;;;957;07/06/2023;09:24:49;36.95;Synchronized;;;
;;;;;;;958;07/06/2023;09:26:30;37.44;;;;958;07/06/2023;09:25:49;36.94;Synchronized;;;
;;;;;;;959;07/06/2023;09:27:30;37.42;;;;959;07/06/2023;09:26:48;36.95;Synchronized;;;
;;;;;;;960;07/06/2023;09:28:30;37.41;Synchronized;;;960;07/06/2023;09:27:48;36.95;Synchronized;;;
;;;;;;;961;07/06/2023;09:29:30;37.41;Synchronized;;;961;07/06/2023;09:28:48;37;;;;
;;;;;;;962;07/06/2023;09:30:30;37.39;Synchronized;;;962;07/06/2023;09:29:48;37;Synchronized;;;
;;;;;;;963;07/06/2023;09:31:30;37.38;Synchronized;;;963;07/06/2023;09:30:48;37.02;Synchronized;;;
;;;;;;;964;07/06/2023;09:32:30;37.38;Synchronized;;;964;07/06/2023;09:31:48;37.02;Synchronized;;;
;;;;;;;965;07/06/2023;09:33:29;37.4;Synchronized;;;965;07/06/2023;09:32:47;37.03;Synchronized;;;
;;;;;;;966;07/06/2023;09:34:29;37.4;Synchronized;;;966;07/06/2023;09:33:47;37.04;Synchronized;;;
;;;;;;;967;07/06/2023;09:35:29;37.38;Synchronized;;;967;07/06/2023;09:34:47;37.06;Synchronized;;;
;;;;;;;968;07/06/2023;09:36:29;37.38;Synchronized;;;968;07/06/2023;09:35:47;37.06;Synchronized;;;
;;;;;;;969;07/06/2023;09:37:29;37.38;;;;969;07/06/2023;09:36:47;37.03;Synchronized;;;
;;;;;;;970;07/06/2023;09:38:29;37.39;;;;970;07/06/2023;09:37:47;37.03;Synchronized;;;
;;;;;;;971;07/06/2023;09:39:29;37.37;Synchronized;;;971;07/06/2023;09:38:46;37.05;Synchronized;;;
;;;;;;;972;07/06/2023;09:40:29;37.39;;;;972;07/06/2023;09:39:46;37.04;Synchronized;;;
;;;;;;;973;07/06/2023;09:41:29;37.4;;;;973;07/06/2023;09:40:46;37.04;Synchronized;;;
;;;;;;;974;07/06/2023;09:42:29;37.4;Synchronized;;;974;07/06/2023;09:41:46;36.01;Synchronized;;;
;;;;;;;975;07/06/2023;09:43:29;37.4;Synchronized;;;975;07/06/2023;09:42:46;35.56;Synchronized;;;
;;;;;;;976;07/06/2023;09:44:29;37.4;;;;976;07/06/2023;09:43:46;35.16;Synchronized;;;
;;;;;;;977;07/06/2023;09:45:29;37.39;Synchronized;;;977;07/06/2023;09:44:46;34.81;Synchronized;;;
;;;;;;;978;07/06/2023;09:46:29;37.34;Synchronized;;;978;07/06/2023;09:45:45;34.76;Synchronized;;;
;;;;;;;979;07/06/2023;09:47:29;37.36;Synchronized;;;979;07/06/2023;09:46:45;34.57;Synchronized;;;
;;;;;;;980;07/06/2023;09:48:29;37.37;;;;980;07/06/2023;09:47:45;34.6;Synchronized;;;
;;;;;;;981;07/06/2023;09:49:29;37.36;Synchronized;;;981;07/06/2023;09:48:45;34.83;Synchronized;;;
;;;;;;;982;07/06/2023;09:50:29;37.26;;;;982;07/06/2023;09:49:45;35.04;Synchronized;;;
;;;;;;;983;07/06/2023;09:51:29;36.98;;;;983;07/06/2023;09:50:45;35.3;Synchronized;;;
;;;;;;;984;07/06/2023;09:52:29;36.79;;;;984;07/06/2023;09:51:44;35.52;Synchronized;;;
;;;;;;;985;07/06/2023;09:53:29;36.68;Synchronized;;;985;07/06/2023;09:52:44;36.22;Synchronized;;;
;;;;;;;986;07/06/2023;09:54:28;36.61;;;;986;07/06/2023;09:53:44;36.64;Synchronized;;;
;;;;;;;987;07/06/2023;09:55:28;36.56;Synchronized;;;987;07/06/2023;09:54:44;36.79;;;;
;;;;;;;988;07/06/2023;09:56:28;36.47;Synchronized;;;988;07/06/2023;09:55:44;36.85;Synchronized;;;
;;;;;;;989;07/06/2023;09:57:28;36.4;Synchronized;;;989;07/06/2023;09:56:43;36.8;;;;
;;;;;;;990;07/06/2023;09:58:28;36.26;Synchronized;;;990;07/06/2023;09:57:43;36.8;;;;
;;;;;;;991;07/06/2023;09:59:28;36.11;;;;991;07/06/2023;09:58:43;35.98;;;;
;;;;;;;992;07/06/2023;10:00:28;36.07;Synchronized;;;992;07/06/2023;09:59:42;35.51;;;;
;;;;;;;993;07/06/2023;10:01:27;36.01;Synchronized;;;993;07/06/2023;10:00:42;34.3;;;;
;;;;;;;994;07/06/2023;10:02:27;36;;;;994;07/06/2023;10:01:42;34.36;Synchronized;;;
;;;;;;;995;07/06/2023;10:03:27;35.95;;;;995;07/06/2023;10:02:42;34.23;;;;
;;;;;;;996;07/06/2023;10:04:27;35.97;;;;996;07/06/2023;10:03:42;34.63;Synchronized;;;
;;;;;;;997;07/06/2023;10:05:27;35.94;Synchronized;;;997;07/06/2023;10:04:42;35.25;;;;
;;;;;;;998;07/06/2023;10:06:27;35.86;Synchronized;;;998;07/06/2023;10:05:42;35.83;;;;
;;;;;;;999;07/06/2023;10:07:27;35.76;Synchronized;;;999;07/06/2023;10:06:42;36.12;;;;
;;;;;;;1000;07/06/2023;10:08:27;35.52;;;;1000;07/06/2023;10:07:42;36.2;Synchronized;;;
;;;;;;;1001;07/06/2023;10:09:27;35.25;Synchronized;;;1001;07/06/2023;10:08:42;36.41;Synchronized;;;
;;;;;;;1002;07/06/2023;10:10:26;34.97;Synchronized;;;1002;07/06/2023;10:09:41;36.57;Synchronized;;;
;;;;;;;1003;07/06/2023;10:11:26;34.91;;;;1003;07/06/2023;10:10:41;36.58;;;;
;;;;;;;1004;07/06/2023;10:12:26;34.92;Synchronized;;;1004;07/06/2023;10:11:41;36.73;;;;
;;;;;;;1005;07/06/2023;10:13:26;34.95;Synchronized;;;1005;07/06/2023;10:12:40;36.79;;;;
;;;;;;;1006;07/06/2023;10:14:26;34.98;Synchronized;;;1006;07/06/2023;10:13:40;36.85;Synchronized;;;
;;;;;;;1007;07/06/2023;10:15:26;35.02;Synchronized;;;1007;07/06/2023;10:14:40;36.93;Synchronized;;;
;;;;;;;1008;07/06/2023;10:16:26;34.97;;;;1008;07/06/2023;10:15:40;36.89;;;;
;;;;;;;1009;07/06/2023;10:17:26;34.98;;;;1009;07/06/2023;10:16:40;36.95;Synchronized;;;
;;;;;;;1010;07/06/2023;10:18:26;35.05;Synchronized;;;1010;07/06/2023;10:17:39;36.96;;;;
;;;;;;;1011;07/06/2023;10:19:25;35.1;;;;1011;07/06/2023;10:18:39;36.98;Synchronized;;;
;;;;;;;1012;07/06/2023;10:20:25;35.13;Synchronized;;;1012;07/06/2023;10:19:39;37;Synchronized;;;
;;;;;;;1013;07/06/2023;10:21:25;35.2;Synchronized;;;1013;07/06/2023;10:20:39;36.96;;;;
;;;;;;;1014;07/06/2023;10:22:25;35.33;Synchronized;;;1014;07/06/2023;10:21:39;36.93;;;;
;;;;;;;1015;07/06/2023;10:23:25;35.43;Synchronized;;;1015;07/06/2023;10:22:38;37.02;;;;
;;;;;;;1016;07/06/2023;10:24:25;35.55;Synchronized;;;1016;07/06/2023;10:23:38;36.82;;;;
;;;;;;;1017;07/06/2023;10:25:25;35.65;;;;1017;07/06/2023;10:24:38;36.68;;;;
;;;;;;;1018;07/06/2023;10:26:25;35.6;Synchronized;;;1018;07/06/2023;10:25:38;36.65;;;;
;;;;;;;1019;07/06/2023;10:27:25;35.56;Synchronized;;;1019;07/06/2023;10:26:37;36.7;;;;
;;;;;;;1020;07/06/2023;10:28:24;35.55;Synchronized;;;1020;07/06/2023;10:27:37;36.72;Synchronized;;;
;;;;;;;1021;07/06/2023;10:29:24;35.67;Synchronized;;;1021;07/06/2023;10:28:37;36.77;Synchronized;;;
;;;;;;;1022;07/06/2023;10:30:24;35.77;Synchronized;;;1022;07/06/2023;10:29:36;36.81;Synchronized;;;
;;;;;;;1023;07/06/2023;10:31:24;35.91;;;;1023;07/06/2023;10:30:36;36.85;Synchronized;;;
;;;;;;;1024;07/06/2023;10:32:24;36.03;;;;1024;07/06/2023;10:31:36;36.9;Synchronized;;;
;;;;;;;1025;07/06/2023;10:33:24;36.23;Synchronized;;;1025;07/06/2023;10:32:36;36.95;;;;
;;;;;;;1026;07/06/2023;10:34:24;36.37;Synchronized;;;1026;07/06/2023;10:33:36;36.92;;;;
;;;;;;;1027;07/06/2023;10:35:24;36.52;;;;1027;07/06/2023;10:34:35;36.95;;;;
;;;;;;;1028;07/06/2023;10:36:24;36.65;Synchronized;;;1028;07/06/2023;10:35:35;37.01;;;;
;;;;;;;1029;07/06/2023;10:37:24;36.78;;;;1029;07/06/2023;10:36:35;37.05;Synchronized;;;
;;;;;;;1030;07/06/2023;10:38:24;36.83;Synchronized;;;1030;07/06/2023;10:37:35;37.05;;;;
;;;;;;;1031;07/06/2023;10:39:24;36.92;Synchronized;;;1031;07/06/2023;10:38:35;37.07;;;;
;;;;;;;1032;07/06/2023;10:40:23;36.93;Synchronized;;;1032;07/06/2023;10:39:35;36.91;Synchronized;;;
;;;;;;;1033;07/06/2023;10:41:23;36.94;Synchronized;;;1033;07/06/2023;10:40:34;36.97;;;;
;;;;;;;1034;07/06/2023;10:42:23;36.98;;;;1034;07/06/2023;10:41:34;36.97;Synchronized;;;
;;;;;;;1035;07/06/2023;10:43:23;37.02;Synchronized;;;1035;07/06/2023;10:42:34;36.98;Synchronized;;;
;;;;;;;1036;07/06/2023;10:44:23;37.02;Synchronized;;;1036;07/06/2023;10:43:34;37.06;Synchronized;;;
;;;;;;;1037;07/06/2023;10:45:23;36.93;;;;1037;07/06/2023;10:44:34;37.06;;;;
;;;;;;;1038;07/06/2023;10:46:23;36.69;;;;1038;07/06/2023;10:45:34;37.04;;;;
;;;;;;;1039;07/06/2023;10:47:23;36.42;Synchronized;;;1039;07/06/2023;10:46:33;37.09;;;;
;;;;;;;1040;07/06/2023;10:48:23;36.39;;;;1040;07/06/2023;10:47:33;37.11;;;;
;;;;;;;1041;07/06/2023;10:49:23;36.35;;;;1041;07/06/2023;10:48:33;37.18;;;;
;;;;;;;1042;07/06/2023;10:50:22;36.39;;;;1042;07/06/2023;10:49:33;37.2;;;;
;;;;;;;1043;07/06/2023;10:51:22;36.57;;;;1043;07/06/2023;10:50:33;37.22;Synchronized;;;
;;;;;;;1044;07/06/2023;10:52:22;36.71;;;;1044;07/06/2023;10:51:33;37.25;;;;
;;;;;;;1045;07/06/2023;10:53:22;36.8;;;;1045;07/06/2023;10:52:33;37.22;;;;
;;;;;;;1046;07/06/2023;10:54:22;36.91;;;;1046;07/06/2023;10:53:33;37.2;;;;
;;;;;;;1047;07/06/2023;10:55:22;36.98;;;;1047;07/06/2023;10:54:33;37.2;Synchronized;;;
;;;;;;;1048;07/06/2023;10:56:22;37.02;;;;1048;07/06/2023;10:55:33;37.14;Synchronized;;;
;;;;;;;1049;07/06/2023;10:57:22;36.34;;;;1049;07/06/2023;10:56:32;37.17;Synchronized;;;
;;;;;;;1050;07/06/2023;10:58:22;35.85;;;;1050;07/06/2023;10:57:32;37.15;Synchronized;;;
;;;;;;;1051;07/06/2023;10:59:21;35.48;;;;1051;07/06/2023;10:58:32;37.13;Synchronized;;;
;;;;;;;1052;07/06/2023;11:00:21;35.35;;;;1052;07/06/2023;10:59:32;37.13;Synchronized;;;
;;;;;;;1053;07/06/2023;11:01:21;35.54;Synchronized;;;1053;07/06/2023;11:00:32;37.08;Synchronized;;;
;;;;;;;1054;07/06/2023;11:02:21;35.65;;;;1054;07/06/2023;11:01:32;37.11;Synchronized;;;
;;;;;;;1055;07/06/2023;11:03:21;35.91;Synchronized;;;1055;07/06/2023;11:02:31;37.11;Synchronized;;;
;;;;;;;1056;07/06/2023;11:04:21;36.11;Synchronized;;;1056;07/06/2023;11:03:31;37.11;Synchronized;;;
;;;;;;;1057;07/06/2023;11:05:21;36.3;;;;1057;07/06/2023;11:04:31;37.13;;;;
;;;;;;;1058;07/06/2023;11:06:21;36.48;Synchronized;;;1058;07/06/2023;11:05:31;37.14;Synchronized;;;
;;;;;;;1059;07/06/2023;11:07:21;36.77;Synchronized;;;1059;07/06/2023;11:06:31;37.1;Synchronized;;;
;;;;;;;1060;07/06/2023;11:08:21;36.9;Synchronized;;;1060;07/06/2023;11:07:30;37.09;Synchronized;;;
;;;;;;;1061;07/06/2023;11:09:21;34.68;Synchronized;;;1061;07/06/2023;11:08:30;37.09;Synchronized;;;
;;;;;;;1062;07/06/2023;11:10:20;31.57;Synchronized;;;1062;07/06/2023;11:09:30;37.09;Synchronized;;;
;;;;;;;1063;07/06/2023;11:11:20;30.91;Synchronized;;;1063;07/06/2023;11:10:30;37.07;Synchronized;;;
;;;;;;;1064;07/06/2023;11:12:20;30.53;Synchronized;;;1064;07/06/2023;11:11:30;37;Synchronized;;;
;;;;;;;1065;07/06/2023;11:13:20;30.76;;;;1065;07/06/2023;11:12:29;36.92;Synchronized;;;
;;;;;;;1066;07/06/2023;11:14:20;31.24;Synchronized;;;1066;07/06/2023;11:13:29;36.92;Synchronized;;;
;;;;;;;1067;07/06/2023;11:15:20;32.48;Synchronized;;;1067;07/06/2023;11:14:29;36.98;;;;
;;;;;;;1068;07/06/2023;11:16:20;33.3;Synchronized;;;1068;07/06/2023;11:15:29;37.01;Synchronized;;;
;;;;;;;1069;07/06/2023;11:17:20;33.88;Synchronized;;;1069;07/06/2023;11:16:29;37.05;Synchronized;;;
;;;;;;;1070;07/06/2023;11:18:20;34.35;Synchronized;;;1070;07/06/2023;11:17:28;37.05;Synchronized;;;
;;;;;;;1071;07/06/2023;11:19:20;34.89;Synchronized;;;1071;07/06/2023;11:18:28;37.08;Synchronized;;;
;;;;;;;1072;07/06/2023;11:20:20;35.22;Synchronized;;;1072;07/06/2023;11:19:28;37.09;Synchronized;;;
;;;;;;;1073;07/06/2023;11:21:19;35.66;Synchronized;;;1073;07/06/2023;11:20:28;37.06;Synchronized;;;
;;;;;;;1074;07/06/2023;11:22:19;35.88;Synchronized;;;1074;07/06/2023;11:21:28;37.09;Synchronized;;;
;;;;;;;1075;07/06/2023;11:23:19;36.1;Synchronized;;;1075;07/06/2023;11:22:27;37.07;Synchronized;;;
;;;;;;;1076;07/06/2023;11:24:19;36.31;Synchronized;;;1076;07/06/2023;11:23:27;37.09;Synchronized;;;
;;;;;;;1077;07/06/2023;11:25:19;36.48;Synchronized;;;1077;07/06/2023;11:24:27;37.07;Synchronized;;;
;;;;;;;1078;07/06/2023;11:26:19;36.68;Synchronized;;;1078;07/06/2023;11:25:27;37.08;Synchronized;;;
;;;;;;;1079;07/06/2023;11:27:19;36.84;Synchronized;;;1079;07/06/2023;11:26:26;37.07;Synchronized;;;
;;;;;;;1080;07/06/2023;11:28:19;36.98;Synchronized;;;1080;07/06/2023;11:27:26;37.09;Synchronized;;;
;;;;;;;1081;07/06/2023;11:29:19;37.07;Synchronized;;;1081;07/06/2023;11:28:26;37.1;;;;
;;;;;;;1082;07/06/2023;11:30:19;37.12;Synchronized;;;1082;07/06/2023;11:29:26;37.07;;;;
;;;;;;;1083;07/06/2023;11:31:19;33.75;Synchronized;;;1083;07/06/2023;11:30:26;37.04;;;;
;;;;;;;1084;07/06/2023;11:32:19;32.05;Synchronized;;;1084;07/06/2023;11:31:26;37.06;;;;
;;;;;;;1085;07/06/2023;11:33:19;33.19;Synchronized;;;1085;07/06/2023;11:32:26;37.02;;;;
;;;;;;;1086;07/06/2023;11:34:19;34.16;Synchronized;;;1086;07/06/2023;11:33:26;37.06;;;;
;;;;;;;1087;07/06/2023;11:35:18;34.98;Synchronized;;;1087;07/06/2023;11:34:25;37.06;;;;
;;;;;;;1088;07/06/2023;11:36:18;35.55;Synchronized;;;1088;07/06/2023;11:35:25;37.09;Synchronized;;;
;;;;;;;1089;07/06/2023;11:37:18;35.98;Synchronized;;;1089;07/06/2023;11:36:25;37.1;Synchronized;;;
;;;;;;;1090;07/06/2023;11:38:18;36.28;Synchronized;;;1090;07/06/2023;11:37:25;37.02;Synchronized;;;
;;;;;;;1091;07/06/2023;11:39:18;36.55;Synchronized;;;1091;07/06/2023;11:38:25;36.95;;;;
;;;;;;;1092;07/06/2023;11:40:18;36.71;Synchronized;;;1092;07/06/2023;11:39:24;36.97;;;;
;;;;;;;1093;07/06/2023;11:41:18;36.88;Synchronized;;;1093;07/06/2023;11:40:24;37.05;Synchronized;;;
;;;;;;;1094;07/06/2023;11:42:18;37.07;Synchronized;;;1094;07/06/2023;11:41:24;37.09;Synchronized;;;
;;;;;;;1095;07/06/2023;11:43:18;37.16;Synchronized;;;1095;07/06/2023;11:42:24;37.13;;;;
;;;;;;;1096;07/06/2023;11:44:18;37.22;Synchronized;;;1096;07/06/2023;11:43:24;37.14;Synchronized;;;
;;;;;;;1097;07/06/2023;11:45:18;37.28;Synchronized;;;1097;07/06/2023;11:44:24;37.11;Synchronized;;;
;;;;;;;1098;07/06/2023;11:46:18;37.3;Synchronized;;;1098;07/06/2023;11:45:24;37.09;Synchronized;;;
;;;;;;;1099;07/06/2023;11:47:18;37.37;Synchronized;;;1099;07/06/2023;11:46:24;37.04;Synchronized;;;
;;;;;;;1100;07/06/2023;11:48:18;37.38;Synchronized;;;1100;07/06/2023;11:47:24;37.02;;;;
;;;;;;;1101;07/06/2023;11:49:18;37.39;Synchronized;;;1101;07/06/2023;11:48:24;37.03;;;;
;;;;;;;1102;07/06/2023;11:50:17;37.41;Synchronized;;;1102;07/06/2023;11:49:23;37.05;;;;
;;;;;;;1103;07/06/2023;11:51:17;37.41;Synchronized;;;1103;07/06/2023;11:50:23;37.1;Synchronized;;;
;;;;;;;1104;07/06/2023;11:52:17;37.34;Synchronized;;;1104;07/06/2023;11:51:23;37.14;Synchronized;;;
;;;;;;;1105;07/06/2023;11:53:17;37.32;Synchronized;;;1105;07/06/2023;11:52:23;37.14;;;;
;;;;;;;1106;07/06/2023;11:54:17;37.3;Synchronized;;;1106;07/06/2023;11:53:23;37.13;Synchronized;;;
;;;;;;;1107;07/06/2023;11:55:17;37.37;Synchronized;;;1107;07/06/2023;11:54:23;37.15;Synchronized;;;
;;;;;;;1108;07/06/2023;11:56:17;37.37;Synchronized;;;1108;07/06/2023;11:55:22;37.14;Synchronized;;;
;;;;;;;1109;07/06/2023;11:57:17;37.34;Synchronized;;;1109;07/06/2023;11:56:22;37.16;;;;
;;;;;;;1110;07/06/2023;11:58:17;37.34;Synchronized;;;1110;07/06/2023;11:57:22;37.16;;;;
;;;;;;;1111;07/06/2023;11:59:17;37.36;Synchronized;;;1111;07/06/2023;11:58:22;37.16;;;;
;;;;;;;1112;07/06/2023;12:00:17;37.34;Synchronized;;;1112;07/06/2023;11:59:22;37.18;;;;
;;;;;;;1113;07/06/2023;12:01:17;37.34;Synchronized;;;1113;07/06/2023;12:00:22;37.22;;;;
;;;;;;;1114;07/06/2023;12:02:17;37.3;Synchronized;;;1114;07/06/2023;12:01:22;37.21;;;;
;;;;;;;1115;07/06/2023;12:03:17;37.31;Synchronized;;;1115;07/06/2023;12:02:22;37.22;;;;
;;;;;;;1116;07/06/2023;12:04:16;37.34;Synchronized;;;1116;07/06/2023;12:03:22;37.21;;;;
;;;;;;;1117;07/06/2023;12:05:16;37.34;Synchronized;;;1117;07/06/2023;12:04:22;37.21;Synchronized;;;
;;;;;;;1118;07/06/2023;12:06:16;37.38;Synchronized;;;1118;07/06/2023;12:05:22;37.16;;;;
;;;;;;;1119;07/06/2023;12:07:16;37.38;Synchronized;;;1119;07/06/2023;12:06:22;37.16;;;;
;;;;;;;1120;07/06/2023;12:08:16;37.41;Synchronized;;;1120;07/06/2023;12:07:22;37.13;Synchronized;;;
;;;;;;;1121;07/06/2023;12:09:16;37.39;Synchronized;;;1121;07/06/2023;12:08:21;37.1;Synchronized;;;
;;;;;;;1122;07/06/2023;12:10:16;37.34;Synchronized;;;1122;07/06/2023;12:09:21;37.05;;;;
;;;;;;;1123;07/06/2023;12:11:16;37.51;;;;1123;07/06/2023;12:10:21;37.04;;;;
;;;;;;;1124;07/06/2023;12:12:16;37.48;;;;1124;07/06/2023;12:11:21;37;;;;
;;;;;;;1125;07/06/2023;12:13:16;37.29;;;;1125;07/06/2023;12:12:21;37;;;;
;;;;;;;1126;07/06/2023;12:14:16;37.28;;;;1126;07/06/2023;12:13:21;36.98;;;;
;;;;;;;1127;07/06/2023;12:15:16;37.29;;;;1127;07/06/2023;12:14:21;36.98;Synchronized;;;
;;;;;;;1128;07/06/2023;12:16:16;37.2;Synchronized;;;1128;07/06/2023;12:15:20;36.97;Synchronized;;;
;;;;;;;1129;07/06/2023;12:17:16;37.27;;;;1129;07/06/2023;12:16:20;36.97;;;;
;;;;;;;1130;07/06/2023;12:18:16;36.83;;;;1130;07/06/2023;12:17:20;37.01;Synchronized;;;
;;;;;;;1131;07/06/2023;12:19:16;36.32;;;;1131;07/06/2023;12:18:20;37.02;;;;
;;;;;;;1132;07/06/2023;12:20:16;36.45;Synchronized;;;1132;07/06/2023;12:19:20;37.08;;;;
;;;;;;;1133;07/06/2023;12:21:16;36.53;Synchronized;;;1133;07/06/2023;12:20:20;37.06;;;;
;;;;;;;1134;07/06/2023;12:22:16;36.66;Synchronized;;;1134;07/06/2023;12:21:20;37.05;;;;
;;;;;;;1135;07/06/2023;12:23:15;36.8;Synchronized;;;1135;07/06/2023;12:22:20;37.08;Synchronized;;;
;;;;;;;1136;07/06/2023;12:24:15;36.69;Synchronized;;;1136;07/06/2023;12:23:19;37.09;Synchronized;;;
;;;;;;;1137;07/06/2023;12:25:15;36.77;Synchronized;;;1137;07/06/2023;12:24:19;37.08;;;;
;;;;;;;1138;07/06/2023;12:26:15;36.78;;;;1138;07/06/2023;12:25:19;37.06;Synchronized;;;
;;;;;;;1139;07/06/2023;12:27:15;36.66;;;;1139;07/06/2023;12:26:19;37.03;Synchronized;;;
;;;;;;;1140;07/06/2023;12:28:15;36.73;;;;1140;07/06/2023;12:27:19;37.02;Synchronized;;;
;;;;;;;1141;07/06/2023;12:29:15;36.9;;;;1141;07/06/2023;12:28:19;37.02;Synchronized;;;
;;;;;;;1142;07/06/2023;12:30:15;36.94;;;;1142;07/06/2023;12:29:19;36.98;;;;
;;;;;;;1143;07/06/2023;12:31:15;37.02;;;;1143;07/06/2023;12:30:19;36.98;;;;
;;;;;;;1144;07/06/2023;12:32:15;37.13;;;;1144;07/06/2023;12:31:19;36.95;Synchronized;;;
;;;;;;;1145;07/06/2023;12:33:15;37.2;;;;1145;07/06/2023;12:32:18;36.92;Synchronized;;;
;;;;;;;1146;07/06/2023;12:34:15;37.26;;;;1146;07/06/2023;12:33:18;36.92;;;;
;;;;;;;1147;07/06/2023;12:35:15;37.3;;;;1147;07/06/2023;12:34:18;36.95;Synchronized;;;
;;;;;;;1148;07/06/2023;12:36:15;37.37;;;;1148;07/06/2023;12:35:18;36.97;Synchronized;;;
;;;;;;;1149;07/06/2023;12:37:15;37.41;Synchronized;;;1149;07/06/2023;12:36:18;37;Synchronized;;;
;;;;;;;1150;07/06/2023;12:38:15;37.42;;;;1150;07/06/2023;12:37:18;36.98;Synchronized;;;
;;;;;;;1151;07/06/2023;12:39:15;37.44;Synchronized;;;1151;07/06/2023;12:38:17;37.01;Synchronized;;;
;;;;;;;1152;07/06/2023;12:40:15;37.44;Synchronized;;;1152;07/06/2023;12:39:17;37.02;Synchronized;;;
;;;;;;;1153;07/06/2023;12:41:14;37.09;Synchronized;;;1153;07/06/2023;12:40:17;36.98;Synchronized;;;
;;;;;;;1154;07/06/2023;12:42:14;37.07;;;;1154;07/06/2023;12:41:17;36.96;Synchronized;;;
;;;;;;;1155;07/06/2023;12:43:14;37.04;Synchronized;;;1155;07/06/2023;12:42:17;36.98;Synchronized;;;
;;;;;;;1156;07/06/2023;12:44:14;36.85;Synchronized;;;1156;07/06/2023;12:43:17;37.05;Synchronized;;;
;;;;;;;1157;07/06/2023;12:45:14;36.94;Synchronized;;;1157;07/06/2023;12:44:17;37.09;Synchronized;;;
;;;;;;;1158;07/06/2023;12:46:14;37;Synchronized;;;1158;07/06/2023;12:45:17;37.1;Synchronized;;;
;;;;;;;1159;07/06/2023;12:47:14;36.95;Synchronized;;;1159;07/06/2023;12:46:17;37.09;Synchronized;;;
;;;;;;;1160;07/06/2023;12:48:14;36.98;Synchronized;;;1160;07/06/2023;12:47:17;37.09;Synchronized;;;
;;;;;;;1161;07/06/2023;12:49:14;37.09;Synchronized;;;1161;07/06/2023;12:48:16;37.13;Synchronized;;;
;;;;;;;1162;07/06/2023;12:50:14;37.22;Synchronized;;;1162;07/06/2023;12:49:16;37.13;Synchronized;;;
;;;;;;;1163;07/06/2023;12:51:13;37.3;Synchronized;;;1163;07/06/2023;12:50:16;37.17;Synchronized;;;
;;;;;;;1164;07/06/2023;12:52:13;37.39;Synchronized;;;1164;07/06/2023;12:51:16;37.16;Synchronized;;;
;;;;;;;1165;07/06/2023;12:53:13;37.49;Synchronized;;;1165;07/06/2023;12:52:16;37.23;Synchronized;;;
;;;;;;;1166;07/06/2023;12:54:13;37.55;Synchronized;;;1166;07/06/2023;12:53:16;37.23;Synchronized;;;
;;;;;;;1167;07/06/2023;12:55:13;37.55;Synchronized;;;1167;07/06/2023;12:54:16;37.27;Synchronized;;;
;;;;;;;1168;07/06/2023;12:56:13;37.58;Synchronized;;;1168;07/06/2023;12:55:16;37.3;Synchronized;;;
;;;;;;;1169;07/06/2023;12:57:13;37.63;Synchronized;;;1169;07/06/2023;12:56:16;37.3;Synchronized;;;
;;;;;;;1170;07/06/2023;12:58:13;37.63;Synchronized;;;1170;07/06/2023;12:57:15;37.31;Synchronized;;;
;;;;;;;1171;07/06/2023;12:59:13;37.65;Synchronized;;;1171;07/06/2023;12:58:15;37.33;Synchronized;;;
;;;;;;;1172;07/06/2023;13:00:13;37.66;Synchronized;;;1172;07/06/2023;12:59:15;37.32;Synchronized;;;
;;;;;;;1173;07/06/2023;13:01:13;37.63;Synchronized;;;1173;07/06/2023;13:00:15;37.34;Synchronized;;;
;;;;;;;1174;07/06/2023;13:02:13;37.61;Synchronized;;;1174;07/06/2023;13:01:15;37.38;Synchronized;;;
;;;;;;;1175;07/06/2023;13:03:13;37.61;Synchronized;;;1175;07/06/2023;13:02:15;37.37;Synchronized;;;
;;;;;;;1176;07/06/2023;13:04:13;37.6;Synchronized;;;1176;07/06/2023;13:03:15;37.39;Synchronized;;;
;;;;;;;1177;07/06/2023;13:05:13;37.6;Synchronized;;;1177;07/06/2023;13:04:15;37.39;Synchronized;;;
;;;;;;;1178;07/06/2023;13:06:13;37.55;Synchronized;;;1178;07/06/2023;13:05:15;37.43;Synchronized;;;
;;;;;;;1179;07/06/2023;13:07:13;37.57;Synchronized;;;1179;07/06/2023;13:06:15;37.44;Synchronized;;;
;;;;;;;1180;07/06/2023;13:08:13;37.55;Synchronized;;;1180;07/06/2023;13:07:14;37.43;Synchronized;;;
;;;;;;;1181;07/06/2023;13:09:12;37.56;Synchronized;;;1181;07/06/2023;13:08:14;37.42;Synchronized;;;
;;;;;;;1182;07/06/2023;13:10:12;37.57;Synchronized;;;1182;07/06/2023;13:09:14;37.43;Synchronized;;;
;;;;;;;1183;07/06/2023;13:11:12;37.59;Synchronized;;;1183;07/06/2023;13:10:14;37.45;Synchronized;;;
;;;;;;;1184;07/06/2023;13:12:12;37.61;Synchronized;;;1184;07/06/2023;13:11:14;37.42;Synchronized;;;
;;;;;;;1185;07/06/2023;13:13:12;37.64;Synchronized;;;1185;07/06/2023;13:12:14;37.44;Synchronized;;;
;;;;;;;1186;07/06/2023;13:14:12;37.65;Synchronized;;;1186;07/06/2023;13:13:14;37.45;Synchronized;;;
;;;;;;;1187;07/06/2023;13:15:12;37.7;Synchronized;;;1187;07/06/2023;13:14:14;37.46;Synchronized;;;
;;;;;;;1188;07/06/2023;13:16:12;37.7;Synchronized;;;1188;07/06/2023;13:15:14;37.46;Synchronized;;;
;;;;;;;1189;07/06/2023;13:17:12;37.7;;;;1189;07/06/2023;13:16:14;37.47;Synchronized;;;
;;;;;;;1190;07/06/2023;13:18:12;37.73;;;;1190;07/06/2023;13:17:13;37.48;Synchronized;;;
;;;;;;;1191;07/06/2023;13:19:12;37.73;;;;1191;07/06/2023;13:18:13;37.49;Synchronized;;;
;;;;;;;1192;07/06/2023;13:20:12;37.7;Synchronized;;;1192;07/06/2023;13:19:13;37.51;Synchronized;;;
;;;;;;;1193;07/06/2023;13:21:12;37.69;;;;1193;07/06/2023;13:20:13;37.53;Synchronized;;;
;;;;;;;1194;07/06/2023;13:22:12;37.66;Synchronized;;;1194;07/06/2023;13:21:13;37.52;;;;
;;;;;;;1195;07/06/2023;13:23:12;37.63;Synchronized;;;1195;07/06/2023;13:22:13;37.5;;;;
;;;;;;;1196;07/06/2023;13:24:12;37.63;Synchronized;;;1196;07/06/2023;13:23:13;37.5;Synchronized;;;
;;;;;;;1197;07/06/2023;13:25:12;37.55;;;;1197;07/06/2023;13:24:13;37.49;;;;
;;;;;;;1198;07/06/2023;13:26:11;37.55;;;;1198;07/06/2023;13:25:12;37.51;;;;
;;;;;;;1199;07/06/2023;13:27:11;37.56;;;;1199;07/06/2023;13:26:12;37.52;;;;
;;;;;;;1200;07/06/2023;13:28:11;37.53;Synchronized;;;1200;07/06/2023;13:27:12;37.49;;;;
;;;;;;;1201;07/06/2023;13:29:11;37.51;Synchronized;;;1201;07/06/2023;13:28:12;37.5;;;;
;;;;;;;1202;07/06/2023;13:30:11;37.45;;;;1202;07/06/2023;13:29:12;37.49;;;;
;;;;;;;1203;07/06/2023;13:31:11;37.41;Synchronized;;;1203;07/06/2023;13:30:12;37.5;;;;
;;;;;;;1204;07/06/2023;13:32:11;37.43;Synchronized;;;1204;07/06/2023;13:31:12;37.51;;;;
;;;;;;;1205;07/06/2023;13:33:11;37.47;;;;1205;07/06/2023;13:32:12;37.49;;;;
;;;;;;;1206;07/06/2023;13:34:11;37.44;;;;1206;07/06/2023;13:33:11;37.47;;;;
;;;;;;;1207;07/06/2023;13:35:11;37.47;;;;1207;07/06/2023;13:34:11;37.46;;;;
;;;;;;;1208;07/06/2023;13:36:11;37.55;;;;1208;07/06/2023;13:35:11;37.46;;;;
;;;;;;;1209;07/06/2023;13:37:11;37.5;;;;1209;07/06/2023;13:36:11;37.45;Synchronized;;;
;;;;;;;1210;07/06/2023;13:38:11;37.53;;;;1210;07/06/2023;13:37:11;37.45;;;;
;;;;;;;1211;07/06/2023;13:39:11;37.47;;;;1211;07/06/2023;13:38:11;37.43;;;;
;;;;;;;1212;07/06/2023;13:40:11;37.53;Synchronized;;;1212;07/06/2023;13:39:11;37.45;Synchronized;;;
;;;;;;;1213;07/06/2023;13:41:10;37.62;;;;1213;07/06/2023;13:40:11;37.43;Synchronized;;;
;;;;;;;1214;07/06/2023;13:42:10;37.65;;;;1214;07/06/2023;13:41:11;37.42;Synchronized;;;
;;;;;;;1215;07/06/2023;13:43:10;37.59;;;;1215;07/06/2023;13:42:11;37.42;Synchronized;;;
;;;;;;;1216;07/06/2023;13:44:10;37.6;;;;1216;07/06/2023;13:43:11;37.41;Synchronized;;;
;;;;;;;1217;07/06/2023;13:45:10;37.58;;;;1217;07/06/2023;13:44:10;37.39;Synchronized;;;
;;;;;;;1218;07/06/2023;13:46:10;37.55;;;;1218;07/06/2023;13:45:10;37.37;Synchronized;;;
;;;;;;;1219;07/06/2023;13:47:10;37.56;;;;1219;07/06/2023;13:46:10;37.39;Synchronized;;;
;;;;;;;1220;07/06/2023;13:48:10;37.55;;;;1220;07/06/2023;13:47:10;37.38;Synchronized;;;
;;;;;;;1221;07/06/2023;13:49:10;37.58;;;;1221;07/06/2023;13:48:10;37.35;Synchronized;;;
;;;;;;;1222;07/06/2023;13:50:10;37.59;Synchronized;;;1222;07/06/2023;13:49:10;37.37;Synchronized;;;
;;;;;;;1223;07/06/2023;13:51:10;37.58;Synchronized;;;1223;07/06/2023;13:50:10;37.38;Synchronized;;;
;;;;;;;1224;07/06/2023;13:52:09;37.57;Synchronized;;;1224;07/06/2023;13:51:10;37.37;Synchronized;;;
;;;;;;;1225;07/06/2023;13:53:09;37.59;;;;1225;07/06/2023;13:52:10;37.37;Synchronized;;;
;;;;;;;1226;07/06/2023;13:54:09;37.63;Synchronized;;;1226;07/06/2023;13:53:10;37.37;Synchronized;;;
;;;;;;;1227;07/06/2023;13:55:09;37.61;;;;1227;07/06/2023;13:54:09;37.34;Synchronized;;;
;;;;;;;1228;07/06/2023;13:56:09;37.62;;;;1228;07/06/2023;13:55:09;37.35;Synchronized;;;
;;;;;;;1229;07/06/2023;13:57:09;37.58;;;;1229;07/06/2023;13:56:09;37.35;Synchronized;;;
;;;;;;;1230;07/06/2023;13:58:09;37.58;;;;1230;07/06/2023;13:57:09;37.37;Synchronized;;;
;;;;;;;1231;07/06/2023;13:59:09;37.55;;;;1231;07/06/2023;13:58:09;37.37;Synchronized;;;
;;;;;;;1232;07/06/2023;14:00:09;37.57;;;;1232;07/06/2023;13:59:09;37.37;Synchronized;;;
;;;;;;;1233;07/06/2023;14:01:09;37.61;;;;1233;07/06/2023;14:00:09;37.37;Synchronized;;;
;;;;;;;1234;07/06/2023;14:02:09;37.6;;;;1234;07/06/2023;14:01:09;37.38;Synchronized;;;
;;;;;;;1235;07/06/2023;14:03:08;37.59;;;;1235;07/06/2023;14:02:09;37.37;Synchronized;;;
;;;;;;;1236;07/06/2023;14:04:08;37.6;;;;1236;07/06/2023;14:03:09;37.38;Synchronized;;;
;;;;;;;1237;07/06/2023;14:05:08;37.62;Synchronized;;;1237;07/06/2023;14:04:08;37.39;Synchronized;;;
;;;;;;;1238;07/06/2023;14:06:08;37.59;;;;1238;07/06/2023;14:05:08;37.41;Synchronized;;;
;;;;;;;1239;07/06/2023;14:07:08;37.58;Synchronized;;;1239;07/06/2023;14:06:08;37.41;Synchronized;;;
;;;;;;;1240;07/06/2023;14:08:08;37.59;Synchronized;;;1240;07/06/2023;14:07:08;37.38;Synchronized;;;
;;;;;;;1241;07/06/2023;14:09:08;37.57;;;;1241;07/06/2023;14:08:08;37.38;;;;
;;;;;;;1242;07/06/2023;14:10:08;37.55;;;;1242;07/06/2023;14:09:08;37.37;Synchronized;;;
;;;;;;;1243;07/06/2023;14:11:08;37.56;Synchronized;;;1243;07/06/2023;14:10:07;37.38;;;;
;;;;;;;1244;07/06/2023;14:12:08;37.55;;;;1244;07/06/2023;14:11:07;37.38;Synchronized;;;
;;;;;;;1245;07/06/2023;14:13:08;37.57;;;;1245;07/06/2023;14:12:07;37.37;Synchronized;;;
;;;;;;;1246;07/06/2023;14:14:07;37.58;;;;1246;07/06/2023;14:13:07;37.37;Synchronized;;;
;;;;;;;1247;07/06/2023;14:15:07;37.56;;;;1247;07/06/2023;14:14:07;37.37;Synchronized;;;
;;;;;;;1248;07/06/2023;14:16:07;37.6;;;;1248;07/06/2023;14:15:07;37.34;;;;
;;;;;;;1249;07/06/2023;14:17:07;37.59;Synchronized;;;1249;07/06/2023;14:16:07;37.37;;;;
;;;;;;;1250;07/06/2023;14:18:07;37.56;Synchronized;;;1250;07/06/2023;14:17:07;37.34;;;;
;;;;;;;1251;07/06/2023;14:19:07;37.57;;;;1251;07/06/2023;14:18:07;37.34;;;;
;;;;;;;1252;07/06/2023;14:20:07;37.55;;;;1252;07/06/2023;14:19:07;37.34;;;;
;;;;;;;1253;07/06/2023;14:21:07;37.54;Synchronized;;;1253;07/06/2023;14:20:06;37.34;;;;
;;;;;;;1254;07/06/2023;14:22:07;37.54;;;;1254;07/06/2023;14:21:06;37.34;;;;
;;;;;;;1255;07/06/2023;14:23:07;37.53;;;;1255;07/06/2023;14:22:06;37.33;;;;
;;;;;;;1256;07/06/2023;14:24:07;37.55;;;;1256;07/06/2023;14:23:06;37.33;;;;
;;;;;;;1257;07/06/2023;14:25:06;37.54;;;;1257;07/06/2023;14:24:06;37.33;;;;
;;;;;;;1258;07/06/2023;14:26:06;37.49;;;;1258;07/06/2023;14:25:06;37.31;;;;
;;;;;;;1259;07/06/2023;14:27:06;37.5;;;;1259;07/06/2023;14:26:06;37.32;;;;
;;;;;;;1260;07/06/2023;14:28:06;37.49;;;;1260;07/06/2023;14:27:06;37.33;;;;
;;;;;;;1261;07/06/2023;14:29:06;37.46;;;;1261;07/06/2023;14:28:06;37.34;;;;
;;;;;;;1262;07/06/2023;14:30:06;37.45;;;;1262;07/06/2023;14:29:05;37.33;;;;
;;;;;;;1263;07/06/2023;14:31:06;37.44;;;;1263;07/06/2023;14:30:05;37.31;;;;
;;;;;;;1264;07/06/2023;14:32:06;37.47;;;;1264;07/06/2023;14:31:05;37.3;;;;
;;;;;;;1265;07/06/2023;14:33:06;37.45;;;;1265;07/06/2023;14:32:05;37.3;;;;
;;;;;;;1266;07/06/2023;14:34:06;37.48;;;;1266;07/06/2023;14:33:05;37.31;;;;
;;;;;;;1267;07/06/2023;14:35:06;37.45;;;;1267;07/06/2023;14:34:05;37.31;;;;
;;;;;;;1268;07/06/2023;14:36:06;37.48;;;;1268;07/06/2023;14:35:05;37.3;;;;
;;;;;;;1269;07/06/2023;14:37:05;37.45;;;;1269;07/06/2023;14:36:05;37.29;;;;
;;;;;;;1270;07/06/2023;14:38:05;37.45;Synchronized;;;1270;07/06/2023;14:37:05;37.3;;;;
;;;;;;;1271;07/06/2023;14:39:05;37.45;Synchronized;;;1271;07/06/2023;14:38:05;37.3;;;;
;;;;;;;1272;07/06/2023;14:40:05;37.46;;;;1272;07/06/2023;14:39:04;37.29;;;;
;;;;;;;1273;07/06/2023;14:41:05;37.46;;;;1273;07/06/2023;14:40:04;37.3;;;;
;;;;;;;1274;07/06/2023;14:42:05;37.46;;;;1274;07/06/2023;14:41:04;37.27;;;;
;;;;;;;1275;07/06/2023;14:43:05;37.46;;;;1275;07/06/2023;14:42:04;37.3;;;;
;;;;;;;1276;07/06/2023;14:44:05;37.48;;;;1276;07/06/2023;14:43:04;37.28;;;;
;;;;;;;1277;07/06/2023;14:45:05;37.51;;;;1277;07/06/2023;14:44:04;37.27;;;;
;;;;;;;1278;07/06/2023;14:46:05;37.54;Synchronized;;;1278;07/06/2023;14:45:04;37.28;;;;
;;;;;;;1279;07/06/2023;14:47:04;37.55;Synchronized;;;1279;07/06/2023;14:46:04;37.29;;;;
;;;;;;;1280;07/06/2023;14:48:04;37.58;;;;1280;07/06/2023;14:47:04;37.27;;;;
;;;;;;;1281;07/06/2023;14:49:04;37.58;;;;1281;07/06/2023;14:48:04;37.28;;;;
;;;;;;;1282;07/06/2023;14:50:04;37.59;;;;1282;07/06/2023;14:49:03;37.29;;;;
;;;;;;;1283;07/06/2023;14:51:04;37.58;;;;1283;07/06/2023;14:50:03;37.3;;;;
;;;;;;;1284;07/06/2023;14:52:04;37.59;;;;1284;07/06/2023;14:51:03;37.31;Synchronized;;;
;;;;;;;1285;07/06/2023;14:53:04;37.56;;;;1285;07/06/2023;14:52:03;37.31;Synchronized;;;
;;;;;;;1286;07/06/2023;14:54:04;37.57;;;;1286;07/06/2023;14:53:03;37.34;;;;
;;;;;;;1287;07/06/2023;14:55:04;37.57;;;;1287;07/06/2023;14:54:03;37.31;;;;
;;;;;;;1288;07/06/2023;14:56:04;37.6;;;;1288;07/06/2023;14:55:03;37.3;;;;
;;;;;;;1289;07/06/2023;14:57:04;37.6;;;;1289;07/06/2023;14:56:03;37.28;;;;
;;;;;;;1290;07/06/2023;14:58:04;37.62;;;;1290;07/06/2023;14:57:03;37.29;;;;
;;;;;;;1291;07/06/2023;14:59:03;37.61;;;;1291;07/06/2023;14:58:02;37.26;;;;
;;;;;;;1292;07/06/2023;15:00:03;37.6;;;;1292;07/06/2023;14:59:02;37.25;;;;
;;;;;;;1293;07/06/2023;15:01:03;37.59;;;;1293;07/06/2023;15:00:02;37.23;;;;
;;;;;;;1294;07/06/2023;15:02:03;37.56;;;;1294;07/06/2023;15:01:02;37.23;;;;
;;;;;;;1295;07/06/2023;15:03:03;37.57;;;;1295;07/06/2023;15:02:02;37.23;;;;
;;;;;;;1296;07/06/2023;15:04:03;37.57;;;;1296;07/06/2023;15:03:02;37.25;;;;
;;;;;;;1297;07/06/2023;15:05:03;37.58;;;;1297;07/06/2023;15:04:02;37.27;;;;
;;;;;;;1298;07/06/2023;15:06:03;37.55;;;;1298;07/06/2023;15:05:02;37.27;;;;
;;;;;;;1299;07/06/2023;15:07:03;37.57;Synchronized;;;1299;07/06/2023;15:06:02;37.26;;;;
;;;;;;;1300;07/06/2023;15:08:03;37.59;Synchronized;;;1300;07/06/2023;15:07:01;37.27;;;;
;;;;;;;1301;07/06/2023;15:09:03;37.59;Synchronized;;;1301;07/06/2023;15:08:01;37.27;;;;
;;;;;;;1302;07/06/2023;15:10:02;37.56;Synchronized;;;1302;07/06/2023;15:09:01;37.27;;;;
;;;;;;;1303;07/06/2023;15:11:02;37.55;Synchronized;;;1303;07/06/2023;15:10:01;37.27;;;;
;;;;;;;1304;07/06/2023;15:12:02;37.56;Synchronized;;;1304;07/06/2023;15:11:01;37.27;;;;
;;;;;;;1305;07/06/2023;15:13:02;37.55;;;;1305;07/06/2023;15:12:01;37.29;;;;
;;;;;;;1306;07/06/2023;15:14:02;37.57;;;;1306;07/06/2023;15:13:01;37.28;;;;
;;;;;;;1307;07/06/2023;15:15:02;37.55;;;;1307;07/06/2023;15:14:01;37.27;;;;
;;;;;;;1308;07/06/2023;15:16:02;37.56;Synchronized;;;1308;07/06/2023;15:15:01;37.25;;;;
;;;;;;;1309;07/06/2023;15:17:02;37.53;;;;1309;07/06/2023;15:16:01;37.27;;;;
;;;;;;;1310;07/06/2023;15:18:02;37.56;;;;1310;07/06/2023;15:17:00;37.27;;;;
;;;;;;;1311;07/06/2023;15:19:02;37.6;Synchronized;;;1311;07/06/2023;15:18:00;37.27;;;;
;;;;;;;1312;07/06/2023;15:20:01;37.6;;;;1312;07/06/2023;15:19:00;37.25;;;;
;;;;;;;1313;07/06/2023;15:21:01;37.63;Synchronized;;;1313;07/06/2023;15:20:00;37.26;;;;
;;;;;;;1314;07/06/2023;15:22:01;37.63;Synchronized;;;1314;07/06/2023;15:21:00;37.26;;;;
;;;;;;;1315;07/06/2023;15:23:01;37.64;;;;1315;07/06/2023;15:22:00;37.27;;;;
;;;;;;;1316;07/06/2023;15:24:01;37.65;Synchronized;;;1316;07/06/2023;15:23:00;37.27;;;;
;;;;;;;1317;07/06/2023;15:25:01;37.63;Synchronized;;;1317;07/06/2023;15:24:00;37.27;;;;
;;;;;;;1318;07/06/2023;15:26:01;37.63;;;;1318;07/06/2023;15:25:00;37.27;;;;
;;;;;;;1319;07/06/2023;15:27:01;37.61;;;;1319;07/06/2023;15:26:00;37.26;;;;
;;;;;;;1320;07/06/2023;15:28:01;37.6;Synchronized;;;1320;07/06/2023;15:26:59;37.26;;;;
;;;;;;;1321;07/06/2023;15:29:00;37.6;;;;1321;07/06/2023;15:27:59;37.27;;;;
;;;;;;;1322;07/06/2023;15:30:00;37.57;;;;1322;07/06/2023;15:28:59;37.27;;;;
;;;;;;;1323;07/06/2023;15:31:00;37.56;;;;1323;07/06/2023;15:29:59;37.27;;;;
;;;;;;;1324;07/06/2023;15:32:00;37.55;;;;1324;07/06/2023;15:30:59;37.27;;;;
;;;;;;;1325;07/06/2023;15:33:00;37.55;;;;1325;07/06/2023;15:31:59;37.29;Synchronized;;;
;;;;;;;1326;07/06/2023;15:34:00;37.55;;;;1326;07/06/2023;15:32:59;37.27;;;;
;;;;;;;1327;07/06/2023;15:35:00;37.54;;;;1327;07/06/2023;15:33:59;37.27;Synchronized;;;
;;;;;;;1328;07/06/2023;15:36:00;37.55;Synchronized;;;1328;07/06/2023;15:34:59;37.27;Synchronized;;;
;;;;;;;1329;07/06/2023;15:37:00;37.54;;;;1329;07/06/2023;15:35:59;37.27;Synchronized;;;
;;;;;;;1330;07/06/2023;15:38:00;37.53;Synchronized;;;1330;07/06/2023;15:36:59;37.25;Synchronized;;;
;;;;;;;1331;07/06/2023;15:38:59;37.55;;;;1331;07/06/2023;15:37:58;37.27;Synchronized;;;
;;;;;;;1332;07/06/2023;15:39:59;37.55;Synchronized;;;1332;07/06/2023;15:38:58;37.26;Synchronized;;;
;;;;;;;1333;07/06/2023;15:40:59;37.55;Synchronized;;;1333;07/06/2023;15:39:58;37.27;Synchronized;;;
;;;;;;;1334;07/06/2023;15:41:59;37.55;Synchronized;;;1334;07/06/2023;15:40:58;37.28;;;;
;;;;;;;1335;07/06/2023;15:42:59;37.58;;;;1335;07/06/2023;15:41:58;37.27;;;;
;;;;;;;1336;07/06/2023;15:43:59;37.62;;;;1336;07/06/2023;15:42:58;37.3;;;;
;;;;;;;1337;07/06/2023;15:44:59;37.61;;;;1337;07/06/2023;15:43:58;37.3;;;;
;;;;;;;1338;07/06/2023;15:45:59;37.63;;;;1338;07/06/2023;15:44:57;37.31;;;;
;;;;;;;1339;07/06/2023;15:46:59;37.61;;;;1339;07/06/2023;15:45:57;37.32;;;;
;;;;;;;1340;07/06/2023;15:47:58;37.59;;;;1340;07/06/2023;15:46:57;37.31;;;;
;;;;;;;1341;07/06/2023;15:48:58;37.62;;;;1341;07/06/2023;15:47:57;37.34;;;;
;;;;;;;1342;07/06/2023;15:49:58;37.62;;;;1342;07/06/2023;15:48:57;37.33;;;;
;;;;;;;1343;07/06/2023;15:50:58;37.6;;;;1343;07/06/2023;15:49:57;37.33;;;;
;;;;;;;1344;07/06/2023;15:51:58;37.57;;;;1344;07/06/2023;15:50:57;37.34;;;;
;;;;;;;1345;07/06/2023;15:52:58;37.59;;;;1345;07/06/2023;15:51:57;37.33;Synchronized;;;
;;;;;;;1346;07/06/2023;15:53:58;37.57;;;;1346;07/06/2023;15:52:56;37.31;;;;
;;;;;;;1347;07/06/2023;15:54:58;37.58;;;;1347;07/06/2023;15:53:56;37.3;;;;
;;;;;;;1348;07/06/2023;15:55:58;37.6;;;;1348;07/06/2023;15:54:56;37.3;;;;
;;;;;;;1349;07/06/2023;15:56:57;37.62;;;;1349;07/06/2023;15:55:56;37.3;;;;
;;;;;;;1350;07/06/2023;15:57:57;37.57;;;;1350;07/06/2023;15:56:56;37.3;Synchronized;;;
;;;;;;;1351;07/06/2023;15:58:57;37.59;;;;1351;07/06/2023;15:57:56;37.3;;;;
;;;;;;;1352;07/06/2023;15:59:57;37.55;Synchronized;;;1352;07/06/2023;15:58:56;37.3;;;;
;;;;;;;1353;07/06/2023;16:00:57;37.57;Synchronized;;;1353;07/06/2023;15:59:56;37.32;Synchronized;;;
;;;;;;;1354;07/06/2023;16:01:57;37.58;;;;1354;07/06/2023;16:00:55;37.33;Synchronized;;;
;;;;;;;1355;07/06/2023;16:02:57;37.59;;;;1355;07/06/2023;16:01:55;37.33;;;;
;;;;;;;1356;07/06/2023;16:03:57;37.58;;;;1356;07/06/2023;16:02:55;37.33;;;;
;;;;;;;1357;07/06/2023;16:04:57;37.6;;;;1357;07/06/2023;16:03:55;37.34;Synchronized;;;
;;;;;;;1358;07/06/2023;16:05:56;37.62;;;;1358;07/06/2023;16:04:55;37.37;Synchronized;;;
;;;;;;;1359;07/06/2023;16:06:56;37.58;;;;1359;07/06/2023;16:05:55;37.34;Synchronized;;;
;;;;;;;1360;07/06/2023;16:07:56;37.55;;;;1360;07/06/2023;16:06:55;37.37;Synchronized;;;
;;;;;;;1361;07/06/2023;16:08:56;37.55;;;;1361;07/06/2023;16:07:54;37.38;Synchronized;;;
;;;;;;;1362;07/06/2023;16:09:56;37.55;;;;1362;07/06/2023;16:08:54;37.38;Synchronized;;;
;;;;;;;1363;07/06/2023;16:10:56;37.61;;;;1363;07/06/2023;16:09:54;37.38;Synchronized;;;
;;;;;;;1364;07/06/2023;16:11:56;37.58;Synchronized;;;1364;07/06/2023;16:10:54;37.35;Synchronized;;;
;;;;;;;1365;07/06/2023;16:12:56;37.53;;;;1365;07/06/2023;16:11:54;37.38;;;;
;;;;;;;1366;07/06/2023;16:13:56;37.5;;;;1366;07/06/2023;16:12:54;37.38;Synchronized;;;
;;;;;;;1367;07/06/2023;16:14:56;37.51;;;;1367;07/06/2023;16:13:54;37.35;;;;
;;;;;;;1368;07/06/2023;16:15:55;37.48;;;;1368;07/06/2023;16:14:54;37.38;;;;
;;;;;;;1369;07/06/2023;16:16:55;37.46;;;;1369;07/06/2023;16:15:54;37.37;;;;
;;;;;;;1370;07/06/2023;16:17:55;37.46;;;;1370;07/06/2023;16:16:54;37.37;;;;
;;;;;;;1371;07/06/2023;16:18:55;37.5;;;;1371;07/06/2023;16:17:53;37.38;;;;
;;;;;;;1372;07/06/2023;16:19:55;37.51;Synchronized;;;1372;07/06/2023;16:18:53;37.38;;;;
;;;;;;;1373;07/06/2023;16:20:55;37.5;;;;1373;07/06/2023;16:19:53;37.39;;;;
;;;;;;;1374;07/06/2023;16:21:55;37.55;Synchronized;;;1374;07/06/2023;16:20:53;37.39;;;;
;;;;;;;1375;07/06/2023;16:22:55;37.51;Synchronized;;;1375;07/06/2023;16:21:53;37.39;Synchronized;;;
;;;;;;;1376;07/06/2023;16:23:55;37.48;Synchronized;;;1376;07/06/2023;16:22:53;37.39;Synchronized;;;
;;;;;;;1377;07/06/2023;16:24:55;37.42;Synchronized;;;1377;07/06/2023;16:23:53;37.38;Synchronized;;;
;;;;;;;1378;07/06/2023;16:25:55;37.41;Synchronized;;;1378;07/06/2023;16:24:53;37.39;Synchronized;;;
;;;;;;;1379;07/06/2023;16:26:54;37.41;Synchronized;;;1379;07/06/2023;16:25:52;37.4;Synchronized;;;
;;;;;;;1380;07/06/2023;16:27:54;37.44;Synchronized;;;1380;07/06/2023;16:26:52;37.4;Synchronized;;;
;;;;;;;1381;07/06/2023;16:28:54;37.44;Synchronized;;;1381;07/06/2023;16:27:52;37.39;Synchronized;;;
;;;;;;;1382;07/06/2023;16:29:54;37.44;Synchronized;;;1382;07/06/2023;16:28:52;37.39;;;;
;;;;;;;1383;07/06/2023;16:30:54;37.41;Synchronized;;;1383;07/06/2023;16:29:52;37.38;Synchronized;;;
;;;;;;;1384;07/06/2023;16:31:54;37.39;Synchronized;;;1384;07/06/2023;16:30:52;37.38;;;;
;;;;;;;1385;07/06/2023;16:32:54;37.37;Synchronized;;;1385;07/06/2023;16:31:52;37.37;Synchronized;;;
;;;;;;;1386;07/06/2023;16:33:54;37.37;Synchronized;;;1386;07/06/2023;16:32:52;37.38;;;;
;;;;;;;1387;07/06/2023;16:34:54;37.39;Synchronized;;;1387;07/06/2023;16:33:52;37.38;;;;
;;;;;;;1388;07/06/2023;16:35:54;37.44;Synchronized;;;1388;07/06/2023;16:34:51;37.35;;;;
;;;;;;;1389;07/06/2023;16:36:53;37.45;Synchronized;;;1389;07/06/2023;16:35:51;37.34;;;;
;;;;;;;1390;07/06/2023;16:37:53;37.46;Synchronized;;;1390;07/06/2023;16:36:51;37.38;;;;
;;;;;;;1391;07/06/2023;16:38:53;37.48;Synchronized;;;1391;07/06/2023;16:37:51;37.38;;;;
;;;;;;;1392;07/06/2023;16:39:53;37.45;Synchronized;;;1392;07/06/2023;16:38:51;37.38;;;;
;;;;;;;1393;07/06/2023;16:40:53;37.48;Synchronized;;;1393;07/06/2023;16:39:51;37.38;Synchronized;;;
;;;;;;;1394;07/06/2023;16:41:53;37.57;Synchronized;;;1394;07/06/2023;16:40:51;37.38;Synchronized;;;
;;;;;;;1395;07/06/2023;16:42:53;37.67;Synchronized;;;1395;07/06/2023;16:41:50;37.38;Synchronized;;;
;;;;;;;1396;07/06/2023;16:43:53;37.67;Synchronized;;;1396;07/06/2023;16:42:50;37.38;;;;
;;;;;;;1397;07/06/2023;16:44:53;37.7;Synchronized;;;1397;07/06/2023;16:43:50;37.37;;;;
;;;;;;;1398;07/06/2023;16:45:53;37.7;Synchronized;;;1398;07/06/2023;16:44:50;37.38;;;;
;;;;;;;1399;07/06/2023;16:46:52;37.7;Synchronized;;;1399;07/06/2023;16:45:50;37.38;Synchronized;;;
;;;;;;;1400;07/06/2023;16:47:52;37.68;Synchronized;;;1400;07/06/2023;16:46:50;37.37;Synchronized;;;
;;;;;;;1401;07/06/2023;16:48:52;37.63;Synchronized;;;1401;07/06/2023;16:47:50;37.4;Synchronized;;;
;;;;;;;1402;07/06/2023;16:49:52;37.66;Synchronized;;;1402;07/06/2023;16:48:50;37.39;Synchronized;;;
;;;;;;;1403;07/06/2023;16:50:52;;Missing data;;;1403;07/06/2023;16:49:50;37.39;;;;
;;;;;;;1404;07/06/2023;16:51:52;37.66;;;;1404;07/06/2023;16:50:49;37.39;;;;
;;;;;;;1405;07/06/2023;16:52:07;37.68;;;;1405;07/06/2023;16:51:49;37.38;;;;
;;;;;;;1406;07/06/2023;16:52:22;37.69;;;;1406;07/06/2023;16:52:49;37.4;;;;
;;;;;;;1407;07/06/2023;16:52:37;37.69;;;;1407;07/06/2023;16:53:04;37.4;;;;
;;;;;;;1408;07/06/2023;16:52:52;37.68;;;;1408;07/06/2023;16:53:19;37.42;;;;
;;;;;;;1409;07/06/2023;16:53:07;37.68;;;;1409;07/06/2023;16:53:34;37.41;;;;
;;;;;;;1410;07/06/2023;16:53:22;37.68;;;;;;;;;;;
;;;;;;;1411;07/06/2023;16:53:37;37.66;;;;;;;;;;;
;;;;;;;1412;07/06/2023;16:53:52;;Missing data;;;;;;;;;;
;;;;;;;1413;07/06/2023;16:54:07;;Missing data;;;;;;;;;;
;;;;;;;1414;07/06/2023;16:54:22;;Missing data;;;;;;;;;;
;;;;;;;1415;07/06/2023;16:54:37;;Missing data;;;;;;;;;;
;;;;;;;1416;07/06/2023;16:54:52;;Missing data;;;;;;;;;;
;;;;;;;1417;07/06/2023;16:55:07;;Missing data;;;;;;;;;;
;;;;;;;1418;07/06/2023;16:55:22;;Missing data;;;;;;;;;;
;;;;;;;1419;07/06/2023;16:55:37;;Missing data;;;;;;;;;;
;;;;;;;1420;07/06/2023;16:55:52;;Missing data;;;;;;;;;;
;;;;;;;1421;07/06/2023;16:56:07;;Missing data;;;;;;;;;;
;;;;;;;1422;07/06/2023;16:56:22;;Missing data;;;;;;;;;;
;;;;;;;1423;07/06/2023;16:56:37;;Missing data;;;;;;;;;;
;;;;;;;1424;07/06/2023;16:56:52;;Missing data;;;;;;;;;;
;;;;;;;1425;07/06/2023;16:57:07;;Missing data;;;;;;;;;;
;;;;;;;1426;07/06/2023;16:57:22;;Missing data;;;;;;;;;;
;;;;;;;1427;07/06/2023;16:57:37;;Missing data;;;;;;;;;;
;;;;;;;1428;07/06/2023;16:57:52;;Missing data;;;;;;;;;;
;;;;;;;1429;07/06/2023;16:58:07;;Missing data;;;;;;;;;;
;;;;;;;1430;07/06/2023;16:58:22;;Missing data;;;;;;;;;;
;;;;;;;1431;07/06/2023;16:58:37;;Missing data;;;;;;;;;;
;;;;;;;1432;07/06/2023;16:58:52;;Missing data;;;;;;;;;;
;;;;;;;1433;07/06/2023;16:59:07;;Missing data;;;;;;;;;;
;;;;;;;1434;07/06/2023;16:59:22;;Missing data;;;;;;;;;;
;;;;;;;1435;07/06/2023;16:59:37;;Missing data;;;;;;;;;;
;;;;;;;1436;07/06/2023;16:59:52;;Missing data;;;;;;;;;;
;;;;;;;1437;07/06/2023;17:00:07;;Missing data;;;;;;;;;;
;;;;;;;1438;07/06/2023;17:00:22;;Missing data;;;;;;;;;;
;;;;;;;1439;07/06/2023;17:00:37;;Missing data;;;;;;;;;;
;;;;;;;1440;07/06/2023;17:00:52;;Missing data;;;;;;;;;;
;;;;;;;1441;07/06/2023;17:01:07;;Missing data;;;;;;;;;;
;;;;;;;1442;07/06/2023;17:01:22;;Missing data;;;;;;;;;;
;;;;;;;1443;07/06/2023;17:01:37;;Missing data;;;;;;;;;;
;;;;;;;1444;07/06/2023;17:01:52;;Missing data;;;;;;;;;;
;;;;;;;1445;07/06/2023;17:02:07;;Missing data;;;;;;;;;;
;;;;;;;1446;07/06/2023;17:02:22;;Missing data;;;;;;;;;;
;;;;;;;1447;07/06/2023;17:02:37;;Missing data;;;;;;;;;;
;;;;;;;1448;07/06/2023;17:02:52;;Missing data;;;;;;;;;;
;;;;;;;1449;07/06/2023;17:03:07;;Missing data;;;;;;;;;;
;;;;;;;1450;07/06/2023;17:03:22;;Missing data;;;;;;;;;;
;;;;;;;1451;07/06/2023;17:03:37;;Missing data;;;;;;;;;;
;;;;;;;1452;07/06/2023;17:03:52;37.77;;;;;;;;;;;
;
;
12/06/2023;11:30:32;SAMPLING PERIOD CHANGED (1min);